	N2 fixation	Nitrite oxidation	Nitrate reduction	Nitrite reduction to ammonia	Nitrite reduction	Nitric oxide reduction	Nitrous oxide reduction	Anammox	Sulfide oxidation	Sulfite reduction	Sulfur oxidation	Sulfur reduction	Thiosulfate oxidation	Sulfate reduction	Thiosulfate disproportionation
	anfDKG||nifDK||vnfDKG||nifH	nxrAB	napAB||narGH	nrfADH||nirBD	nirKS||octR	norBC	nosDZ	hzoA||hzsA	fccB||sqr	dsrD	dsrAB||sor||sdo	sreABC	soxBCY	aprA||sat||cysCN	phsA
13_Jan_SF_Bin1	1	0	1	0	1	0	0	0	0	0	1	0	0	0	0
13_Jan_SF_Bin10	0	0	0	1	0	0	0	0	0	0	1	0	1	1	0
13_Jan_SF_Bin12	1	0	0	0	1	0	0	0	0	1	1	0	0	0	0
13_Jan_SF_Bin13	0	0	0	0	1	1	0	0	0	0	1	0	1	1	0
13_Jan_SF_Bin14	1	0	1	0	0	0	0	0	0	1	1	0	0	1	1
13_Jan_SF_Bin2	0	0	1	1	0	0	1	0	0	0	1	0	0	1	1
13_Jan_SF_Bin21	0	0	0	0	0	0	0	0	0	0	0	0	0	1	0
13_Jan_SF_Bin23	0	0	0	1	0	0	0	0	0	0	1	0	0	0	0
13_Jan_SF_Bin29	0	0	0	0	1	0	0	0	0	0	1	0	0	1	0
13_Jan_SF_Bin30	0	0	0	1	1	0	0	0	0	0	1	0	0	1	0
13_Jan_SF_Bin31	0	0	0	0	0	1	0	0	1	1	1	0	0	1	0
13_Jan_SF_Bin32	0	0	0	0	1	0	0	0	0	0	1	0	0	1	1
13_Jan_SF_Bin36	0	0	0	0	0	0	0	0	0	0	0	0	0	0	0
13_Jan_SF_Bin38	0	0	0	0	0	0	0	0	0	1	1	0	0	1	1
13_Jan_SF_Bin40	0	0	0	0	0	0	0	0	0	0	1	0	0	1	0
13_Jan_SF_Bin42	0	0	1	1	1	1	0	0	1	0	1	0	1	0	0
13_Jan_SF_Bin43	0	0	0	0	0	0	0	0	0	0	0	0	0	0	0
13_Jan_SF_Bin44	0	0	0	0	1	0	0	0	0	0	1	0	1	1	0
13_Jan_SF_Bin46	0	0	0	1	1	1	0	0	0	0	1	0	0	1	0
13_Jan_SF_Bin49	1	0	0	1	0	0	0	0	0	0	1	0	0	1	0
13_Jan_SF_Bin5	0	0	0	0	0	1	1	0	0	0	0	0	0	0	0
13_Jan_SF_Bin52	0	0	0	0	0	0	0	0	0	0	1	0	0	1	0
13_Jan_SF_Bin53	0	0	0	0	1	1	0	0	0	0	0	0	0	1	0
13_Jan_SF_Bin54	1	0	1	0	0	0	0	0	0	1	1	0	0	0	0
13_Jan_SF_Bin58	0	0	0	0	1	0	0	0	0	0	1	0	0	1	0
13_Jan_SF_Bin61	0	0	0	0	0	0	0	0	0	0	0	0	0	0	0
13_Jan_SF_Bin62	0	0	0	0	1	0	0	0	0	0	1	0	1	1	0
13_Jan_SF_Bin63	0	0	0	0	0	0	0	0	0	0	1	0	0	1	0
13_Jan_SF_Bin8	0	0	1	1	0	0	0	0	0	1	1	0	0	1	0
13_July_SF_Bin1	0	0	1	1	1	0	0	0	0	0	1	0	0	1	1
13_July_SF_Bin10	0	0	0	0	0	1	0	0	0	0	0	0	0	0	0
13_July_SF_Bin11	0	0	1	1	0	1	0	0	0	0	1	0	1	1	0
13_July_SF_Bin18	0	0	0	0	1	0	0	0	0	0	1	0	1	1	0
13_July_SF_Bin19	0	0	0	1	1	0	0	0	0	0	1	0	1	1	0
13_July_SF_Bin2	0	1	0	1	0	1	0	0	0	0	1	0	0	1	0
13_July_SF_Bin23_1	0	0	0	0	1	0	0	0	0	0	1	0	0	1	0
13_July_SF_Bin23_2	0	0	0	0	1	0	0	0	0	0	0	0	0	1	0
13_July_SF_Bin24	0	1	0	1	0	0	0	0	0	0	1	0	0	1	0
13_July_SF_Bin26	0	0	1	0	0	0	0	0	0	0	0	0	0	0	0
13_July_SF_Bin27	0	0	0	0	0	0	1	0	0	0	1	0	0	1	0
13_July_SF_Bin28	0	0	0	0	0	0	0	0	0	0	1	0	0	1	0
13_July_SF_Bin30	0	0	0	0	0	0	0	0	0	0	1	0	0	0	0
13_July_SF_Bin31	0	0	0	0	1	0	0	0	0	0	1	0	1	1	1
13_July_SF_Bin32	0	0	0	0	1	1	0	0	0	0	0	0	0	1	0
13_July_SF_Bin33	0	0	0	0	0	0	0	0	0	0	1	0	0	1	0
13_July_SF_Bin34	0	0	0	0	1	0	0	0	0	0	0	0	0	1	0
13_July_SF_Bin35	0	0	0	0	1	0	0	0	0	0	1	0	1	1	0
13_July_SF_Bin36	0	0	1	0	1	1	0	0	0	0	1	0	0	1	0
13_July_SF_Bin37	0	0	1	0	0	0	0	0	0	0	0	0	0	1	0
13_July_SF_Bin38	0	0	0	0	1	0	0	0	0	0	1	0	0	1	0
13_July_SF_Bin39	0	0	0	0	0	0	0	0	0	0	1	0	0	1	0
13_July_SF_Bin40	0	0	0	0	1	0	0	0	0	0	1	0	1	1	0
13_July_SF_Bin43	0	0	1	1	0	0	0	0	0	0	0	0	0	1	0
13_July_SF_Bin48	0	0	0	0	0	0	0	0	0	0	0	0	0	0	0
13_July_SF_Bin49	0	0	0	0	1	0	0	0	0	0	1	0	1	1	0
13_July_SF_Bin5	0	0	0	0	1	0	0	0	0	0	0	0	1	1	0
13_July_SF_Bin51	0	0	0	0	1	0	0	0	0	0	1	0	1	1	0
13_July_SF_Bin52	0	0	0	0	1	0	0	0	0	0	1	0	1	1	0
13_July_SF_Bin55	0	0	0	0	0	0	0	0	0	0	1	0	0	1	0
13_July_SF_Bin57	0	0	0	0	0	0	1	0	0	0	0	0	0	0	0
13_July_SF_Bin6	0	0	1	0	0	0	0	0	0	0	0	0	1	1	0
13_May_SF_Bin101	0	0	0	0	0	1	0	0	0	0	0	0	0	1	0
13_May_SF_Bin102	0	0	0	0	0	0	1	0	0	0	1	0	0	1	0
13_May_SF_Bin12	0	0	0	0	0	0	1	0	0	0	1	0	0	1	0
13_May_SF_Bin13	0	0	0	0	1	0	0	0	0	0	1	0	1	1	0
13_May_SF_Bin18	0	0	1	1	0	1	1	0	0	0	1	0	0	1	0
13_May_SF_Bin19	0	0	1	1	0	1	0	0	0	0	0	0	0	1	0
13_May_SF_Bin21	0	0	0	1	0	1	1	0	0	0	0	0	0	0	0
13_May_SF_Bin22	0	0	0	0	1	0	0	0	0	0	1	0	1	1	0
13_May_SF_Bin23	0	0	0	0	0	1	1	0	0	0	1	0	0	0	0
13_May_SF_Bin24	0	0	1	0	0	0	0	0	0	0	0	0	0	1	0
13_May_SF_Bin26	0	0	0	0	0	0	0	0	0	0	1	0	0	1	0
13_May_SF_Bin27	0	0	1	1	0	0	0	0	0	0	0	0	0	1	0
13_May_SF_Bin3	0	0	0	0	1	0	1	0	0	0	0	0	0	1	0
13_May_SF_Bin31	0	0	0	0	1	0	0	0	0	0	1	0	1	1	0
13_May_SF_Bin32	0	0	0	0	0	0	1	0	0	0	1	0	0	1	0
13_May_SF_Bin34	0	0	1	1	0	0	0	0	0	0	1	0	1	0	0
13_May_SF_Bin35	0	0	0	0	1	0	0	0	0	0	1	0	0	1	0
13_May_SF_Bin37	0	0	0	0	0	0	0	0	0	0	0	0	0	1	0
13_May_SF_Bin38	0	0	1	0	1	1	0	0	0	0	1	0	0	0	0
13_May_SF_Bin4	0	0	0	0	0	0	1	0	0	0	1	0	0	0	0
13_May_SF_Bin40	0	0	1	0	1	0	0	0	0	0	1	0	0	1	0
13_May_SF_Bin41	0	0	0	0	1	0	0	0	0	0	1	0	1	1	0
13_May_SF_Bin42	0	0	0	0	0	1	0	0	0	0	0	0	0	1	0
13_May_SF_Bin44	0	0	0	0	0	0	0	0	0	0	1	0	0	1	0
13_May_SF_Bin45	0	0	1	0	1	0	0	0	0	0	0	0	1	0	0
13_May_SF_Bin46	0	0	1	0	1	0	0	0	0	0	0	0	0	0	0
13_May_SF_Bin47	0	0	0	0	0	0	0	0	0	0	1	0	0	1	0
13_May_SF_Bin48	0	0	0	0	0	0	1	0	0	0	1	0	0	1	0
13_May_SF_Bin5	0	0	0	0	0	0	0	0	0	0	1	0	1	1	0
13_May_SF_Bin52	0	0	0	0	1	0	0	0	0	0	1	0	0	1	0
13_May_SF_Bin53	0	0	0	0	1	0	0	0	0	0	1	0	1	1	0
13_May_SF_Bin54	0	0	0	0	0	0	0	0	0	0	1	0	0	1	0
13_May_SF_Bin55	0	0	0	0	0	0	0	0	0	0	1	0	0	0	0
13_May_SF_Bin57	0	0	1	0	0	0	0	0	0	0	1	0	0	1	0
13_May_SF_Bin58	0	0	0	0	1	1	0	0	0	0	0	0	0	0	0
13_May_SF_Bin59	0	0	1	1	1	0	0	0	0	0	0	0	0	0	0
13_May_SF_Bin60	0	0	0	0	1	0	0	0	0	0	1	0	1	0	0
13_May_SF_Bin61	0	1	0	0	0	0	0	0	0	0	0	0	0	1	0
13_May_SF_Bin62	0	0	1	0	0	0	0	0	0	0	1	0	0	1	0
13_May_SF_Bin64	0	0	1	0	1	0	0	0	0	0	1	0	1	1	0
13_May_SF_Bin65	0	0	0	0	1	0	0	0	0	0	1	0	0	1	0
13_May_SF_Bin66	0	0	0	0	0	0	1	0	0	0	0	0	0	1	0
13_May_SF_Bin67	0	0	0	0	0	0	0	0	0	0	1	0	0	1	0
13_May_SF_Bin7	0	0	0	0	1	0	0	0	0	0	1	0	1	1	0
13_May_SF_Bin71	0	0	0	0	1	0	0	0	0	0	1	0	1	1	0
13_May_SF_Bin72	0	0	0	1	0	0	0	0	0	0	0	0	0	1	0
13_May_SF_Bin73	0	0	0	1	0	0	0	0	0	0	0	0	0	0	0
13_May_SF_Bin75	0	0	1	0	0	0	0	0	0	0	1	0	1	0	0
13_May_SF_Bin78	0	0	0	1	0	1	1	0	0	0	1	0	0	0	0
13_May_SF_Bin79	0	0	0	1	0	1	1	0	0	0	1	0	0	1	0
13_May_SF_Bin8	0	0	0	0	0	0	0	0	0	0	0	0	0	0	0
13_May_SF_Bin80	0	0	0	1	0	0	0	0	0	0	1	0	1	1	1
13_May_SF_Bin81	0	0	1	0	1	0	0	0	0	0	1	0	1	1	0
13_May_SF_Bin84	0	0	1	1	0	1	0	0	0	0	1	0	1	1	0
13_May_SF_Bin86	0	0	1	0	0	1	0	0	0	0	0	0	0	0	0
13_May_SF_Bin87	0	0	1	1	0	0	0	0	0	0	0	0	0	1	0
13_May_SF_Bin88	0	0	0	0	1	0	0	0	0	0	1	0	1	1	1
13_May_SF_Bin89	0	0	0	0	0	0	0	0	0	0	1	0	0	1	0
13_May_SF_Bin9	0	0	1	0	0	0	0	0	0	0	1	0	0	0	0
13_May_SF_Bin90	0	0	1	0	1	0	0	0	0	0	0	0	0	1	0
13_May_SF_Bin91	0	0	0	0	1	0	0	0	0	0	1	0	0	1	0
13_May_SF_Bin92	0	0	0	0	1	0	0	0	0	0	1	0	1	1	0
13_May_SF_Bin93	0	0	0	0	1	0	0	0	0	0	1	0	0	0	0
13_May_SF_Bin97	0	0	0	1	0	0	0	0	0	0	0	0	0	1	0
13_May_SF_Bin98	0	0	0	0	1	0	0	0	0	0	1	0	0	1	0
13_Oct_SF_Bin15	0	0	1	1	1	0	0	0	0	1	1	0	0	1	0
13_Oct_SF_Bin17	0	0	0	1	1	0	0	0	0	0	1	0	0	1	0
13_Oct_SF_Bin18	0	0	0	0	0	0	0	0	0	0	1	0	0	1	0
13_Oct_SF_Bin20	0	0	0	1	1	0	0	0	0	0	1	0	1	1	1
13_Oct_SF_Bin22	0	0	0	0	1	0	0	0	0	0	1	0	0	1	0
13_Oct_SF_Bin27	0	0	0	0	0	0	0	0	0	0	1	0	0	0	0
13_Oct_SF_Bin29	0	0	0	0	0	0	0	0	0	1	1	0	0	1	0
13_Oct_SF_Bin3	0	0	0	0	1	1	0	0	0	0	0	0	0	1	0
13_Oct_SF_Bin32	0	0	1	0	1	0	0	0	0	1	1	0	0	1	1
13_Oct_SF_Bin33	0	0	1	1	1	0	0	0	0	1	1	0	0	1	0
13_Oct_SF_Bin5	1	0	1	0	0	0	0	0	0	0	0	0	0	0	0
13_Oct_SF_Bin7	0	0	0	0	1	0	0	0	0	0	1	0	1	1	0
21_Jan_SF_Bin1	0	0	0	1	0	1	0	0	0	0	1	0	0	1	0
21_Jan_SF_Bin10	0	0	1	1	1	0	0	0	0	0	1	0	1	1	0
21_Jan_SF_Bin11	0	0	0	0	0	0	0	0	0	0	1	0	0	1	0
21_Jan_SF_Bin12	0	0	1	0	0	0	0	0	0	0	1	0	1	1	1
21_Jan_SF_Bin14	0	0	0	1	0	0	0	0	0	0	1	0	0	1	0
21_Jan_SF_Bin15	0	0	0	0	1	1	0	0	0	0	1	0	0	1	0
21_Jan_SF_Bin2	0	0	1	0	0	0	0	0	0	0	1	0	0	0	0
21_Jan_SF_Bin22	0	0	0	0	1	0	0	0	0	0	1	0	1	1	1
21_Jan_SF_Bin23	0	0	0	0	1	0	0	0	0	0	1	0	0	1	0
21_Jan_SF_Bin24	0	0	0	0	1	0	0	0	1	0	1	0	1	1	0
21_Jan_SF_Bin27	0	0	0	0	0	0	0	0	0	0	1	0	0	0	0
21_Jan_SF_Bin28	0	0	0	0	0	1	1	0	0	0	1	0	0	1	0
21_Jan_SF_Bin30	0	0	0	0	1	0	0	0	0	0	1	0	1	1	0
21_Jan_SF_Bin31	0	0	0	0	0	0	0	0	0	0	1	0	0	1	0
21_Jan_SF_Bin34	0	0	0	0	0	1	0	0	0	0	1	0	1	1	0
21_Jan_SF_Bin35	0	0	1	1	0	0	0	0	0	0	0	0	0	1	0
21_Jan_SF_Bin36	0	0	0	0	0	0	0	0	0	0	1	0	0	1	0
21_Jan_SF_Bin37	0	0	0	0	1	0	0	0	0	0	1	0	1	1	0
21_Jan_SF_Bin38	0	0	0	0	1	0	0	0	0	0	1	0	0	1	0
21_Jan_SF_Bin39	0	0	0	1	1	1	0	0	1	0	1	0	1	1	0
21_Jan_SF_Bin4	0	0	1	0	0	0	1	0	0	0	1	0	0	1	0
21_Jan_SF_Bin40	0	0	0	1	1	1	0	0	0	0	1	0	1	1	0
21_Jan_SF_Bin41	0	0	0	0	1	0	0	0	0	0	1	0	0	0	1
21_Jan_SF_Bin42	0	0	0	0	1	0	0	0	0	0	1	0	1	1	0
21_Jan_SF_Bin44	0	0	1	1	0	1	1	0	0	0	0	0	0	1	0
21_Jan_SF_Bin46	0	0	0	0	0	0	1	0	0	0	1	0	0	1	0
21_Jan_SF_Bin47	0	0	1	0	1	0	0	0	0	0	1	0	1	1	0
21_Jan_SF_Bin48	0	0	0	1	0	0	1	0	0	0	1	0	0	1	0
21_Jan_SF_Bin49	0	0	0	0	0	1	0	0	0	0	1	0	0	1	0
21_Jan_SF_Bin5	0	0	0	0	0	0	0	0	0	0	0	0	0	0	0
21_Jan_SF_Bin50	0	0	0	0	0	0	0	0	0	0	1	0	0	1	0
21_Jan_SF_Bin51	0	0	0	0	0	0	0	0	0	0	1	0	0	1	0
21_Jan_SF_Bin52	0	0	0	1	0	0	0	0	0	0	1	0	0	1	0
21_Jan_SF_Bin53	0	0	0	0	0	0	0	0	0	0	1	0	0	1	0
21_Jan_SF_Bin54	0	0	1	1	1	0	0	0	0	0	1	0	1	1	0
21_Jan_SF_Bin55	0	0	1	0	0	0	0	0	0	0	1	0	0	1	0
21_Jan_SF_Bin56	0	0	0	1	0	0	1	0	0	0	1	0	0	1	0
21_Jan_SF_Bin57	0	0	0	0	0	0	0	0	0	0	1	0	0	1	0
21_Jan_SF_Bin59	0	0	0	0	0	0	0	0	0	0	1	0	1	1	0
21_Jan_SF_Bin60	0	0	1	0	0	0	0	0	0	0	1	0	0	0	0
21_Jan_SF_Bin62	0	0	0	0	0	1	0	0	0	0	1	0	0	1	0
21_Jan_SF_Bin67	0	1	0	0	1	0	0	0	0	0	1	0	0	1	0
21_Jan_SF_Bin68	0	0	0	0	1	0	0	0	0	0	0	0	0	1	0
21_Jan_SF_Bin69	0	0	1	1	1	0	1	0	0	0	1	0	1	1	0
21_Jan_SF_Bin71	0	0	1	0	0	0	0	0	0	0	0	0	1	1	0
21_Jan_SF_Bin72	0	0	0	0	1	0	0	0	0	0	1	0	0	0	0
21_Jan_SF_Bin73	0	0	0	0	0	0	0	0	0	0	1	0	0	1	0
21_Jan_SF_Bin74	0	0	0	1	0	0	0	0	1	0	0	0	1	0	0
21_Jan_SF_Bin8	0	0	1	0	0	0	0	0	0	0	1	0	0	1	0
21_Jan_SF_Bin9	0	0	1	0	1	0	0	0	0	0	0	0	1	1	0
21_July_SF_Bin1	0	0	1	0	1	0	0	0	0	1	1	0	0	1	1
21_July_SF_Bin10	0	0	0	0	0	0	0	0	0	0	1	0	0	1	0
21_July_SF_Bin12	0	0	0	0	0	0	0	0	0	0	1	0	0	1	0
21_July_SF_Bin13	0	0	0	0	1	0	0	0	0	0	1	0	0	1	0
21_July_SF_Bin14	0	1	0	0	0	0	0	0	0	0	1	0	0	0	0
21_July_SF_Bin16	0	0	1	0	1	0	0	0	0	1	1	0	0	1	0
21_July_SF_Bin19	0	0	0	0	1	0	0	0	0	0	1	0	0	1	0
21_July_SF_Bin2	0	0	0	0	1	0	0	0	0	0	1	0	0	1	0
21_July_SF_Bin22	0	0	0	0	1	0	0	0	0	0	1	0	0	0	1
21_July_SF_Bin24	0	0	0	0	0	0	0	0	0	0	0	0	0	1	0
21_July_SF_Bin26	0	0	0	0	0	0	0	0	0	0	1	0	0	1	0
21_May_SF_Bin10	0	0	0	0	0	0	0	0	0	0	1	0	0	0	0
21_May_SF_Bin2	0	0	1	1	0	1	0	0	0	0	0	0	0	1	0
21_May_SF_Bin20	0	0	1	0	1	0	0	0	0	0	1	0	0	1	0
21_May_SF_Bin21	0	0	0	0	1	0	0	0	0	0	1	0	0	0	0
21_May_SF_Bin22	1	0	1	0	0	0	0	0	0	0	1	0	0	1	0
21_May_SF_Bin23	0	0	0	0	0	1	0	0	0	0	1	0	0	0	0
21_May_SF_Bin25	0	0	1	1	0	0	1	0	0	1	0	0	0	1	0
21_May_SF_Bin26	0	0	0	0	1	0	0	0	0	0	1	0	0	0	1
21_May_SF_Bin27	0	0	0	1	1	0	0	0	1	0	1	0	1	1	0
21_May_SF_Bin28	0	0	0	0	0	0	0	0	0	0	1	0	0	1	0
21_May_SF_Bin30	0	0	1	1	1	0	0	0	0	0	1	0	0	1	0
21_May_SF_Bin32	0	0	1	0	0	0	0	0	0	1	1	0	0	1	0
21_May_SF_Bin33	0	0	1	0	1	0	0	0	0	0	1	0	0	1	0
21_May_SF_Bin35	0	0	0	1	1	0	0	0	0	0	1	0	1	1	0
21_May_SF_Bin39	0	0	0	0	1	0	0	0	0	0	1	0	1	1	0
21_May_SF_Bin40	0	0	0	0	0	0	0	0	0	0	1	0	0	1	0
21_May_SF_Bin41	0	0	0	0	0	0	0	0	0	0	0	0	0	1	0
21_May_SF_Bin5	0	0	1	1	1	0	0	0	1	0	1	0	0	1	0
21_May_SF_Bin9	0	0	1	1	1	0	0	0	0	1	1	0	0	1	1
21_Oct_SF_Bin11	0	0	0	0	0	0	0	0	0	0	1	0	0	1	0
21_Oct_SF_Bin13	0	0	0	1	0	0	0	0	0	0	1	0	0	0	0
21_Oct_SF_Bin14	0	0	1	1	1	1	0	0	0	1	1	0	0	1	1
21_Oct_SF_Bin16	0	0	0	0	0	0	0	0	0	0	1	0	0	1	0
21_Oct_SF_Bin17	0	0	0	0	0	0	0	0	0	1	1	0	0	1	0
21_Oct_SF_Bin18	0	0	0	1	1	0	0	0	0	0	1	0	0	1	0
21_Oct_SF_Bin2	0	0	1	0	1	0	0	0	0	0	1	0	0	0	0
21_Oct_SF_Bin23	0	0	0	0	0	0	0	0	0	0	1	0	1	1	0
21_Oct_SF_Bin24	0	0	1	1	0	0	0	0	0	1	1	0	0	1	0
21_Oct_SF_Bin25	0	0	0	0	0	0	0	0	0	0	1	0	0	0	0
21_Oct_SF_Bin27	0	0	0	0	0	0	0	0	0	0	1	0	0	1	0
21_Oct_SF_Bin28	0	0	1	0	1	0	0	0	0	0	1	0	0	1	1
21_Oct_SF_Bin29	0	0	0	1	1	0	0	0	0	0	1	0	1	1	0
24_Jan_SF_Bin10	0	0	1	0	0	1	0	0	0	1	1	0	0	1	0
24_Jan_SF_Bin12	0	0	1	0	1	0	0	0	0	1	1	0	0	1	0
24_Jan_SF_Bin13	0	0	0	0	0	1	0	0	0	0	1	0	0	1	0
24_Jan_SF_Bin14	0	0	1	1	0	0	0	0	0	0	1	0	0	1	0
24_Jan_SF_Bin17	0	0	1	1	1	0	0	0	0	1	1	0	0	1	0
24_Jan_SF_Bin20	0	0	0	1	1	0	0	0	0	0	1	0	0	1	0
24_Jan_SF_Bin23	0	0	1	1	1	0	0	0	0	0	1	0	1	1	0
24_Jan_SF_Bin3	0	0	0	0	0	0	0	0	0	0	1	0	1	1	0
24_Jan_SF_Bin5	0	0	1	1	0	0	1	0	0	0	0	0	0	0	0
24_Jan_SF_Bin6	0	0	0	1	1	0	0	0	1	0	1	0	1	1	0
24_Jan_SF_Bin7	0	0	0	1	1	0	0	0	0	0	1	0	1	1	0
24_Jan_SF_Bin9	0	0	0	0	0	0	0	0	0	0	1	0	1	1	0
24_July_SF_Bin1	1	0	1	0	0	0	0	0	0	0	1	0	0	0	0
24_July_SF_Bin11	0	0	0	0	1	0	0	0	0	0	1	0	1	0	0
24_July_SF_Bin12	0	0	1	1	1	0	0	0	0	1	1	0	0	1	0
24_July_SF_Bin15	0	0	0	0	0	0	0	0	0	0	1	0	1	1	0
24_July_SF_Bin17	0	0	1	1	1	0	0	0	0	0	1	0	1	1	0
24_July_SF_Bin19	0	0	0	1	0	0	0	0	0	0	1	0	1	1	0
24_July_SF_Bin2	0	0	1	1	1	0	0	0	1	0	0	0	0	1	0
24_July_SF_Bin20	0	0	0	1	1	0	0	0	1	0	1	0	1	1	0
24_July_SF_Bin5	0	0	1	1	0	0	1	0	0	0	0	0	0	0	0
24_May_SF_Bin1	0	0	1	1	1	0	0	0	1	0	1	0	0	1	0
24_May_SF_Bin10	0	0	1	0	1	0	0	0	0	0	1	0	0	1	1
24_May_SF_Bin18	0	0	0	1	1	0	0	0	0	0	1	0	1	1	0
24_May_SF_Bin19	0	0	0	1	1	0	0	0	1	0	1	0	1	1	0
24_May_SF_Bin26	0	0	0	1	0	0	0	0	0	0	1	0	0	1	0
24_May_SF_Bin27	0	0	0	1	1	0	0	0	0	0	0	0	0	1	0
24_May_SF_Bin28	0	0	0	0	0	0	0	0	0	0	1	0	1	1	0
24_May_SF_Bin29	0	0	1	1	1	0	1	0	1	0	1	0	1	1	0
24_May_SF_Bin32	0	0	1	1	0	0	0	0	0	0	1	0	0	1	0
24_May_SF_Bin33	0	0	0	0	0	0	0	0	0	1	1	0	0	1	0
24_May_SF_Bin4	1	0	1	0	0	0	0	0	0	0	1	0	0	0	0
24_May_SF_Bin5	0	0	1	0	0	0	0	0	0	0	0	0	0	1	0
24_Oct_SF_Bin1	0	0	1	1	1	0	0	0	0	0	1	0	0	1	0
24_Oct_SF_Bin10	0	0	0	0	0	0	0	0	0	0	0	0	0	1	0
24_Oct_SF_Bin18	0	0	0	1	0	0	0	0	0	0	0	0	0	0	0
24_Oct_SF_Bin19	0	0	1	1	1	0	0	0	0	0	1	0	1	1	0
24_Oct_SF_Bin20	1	0	1	0	0	0	0	0	0	0	0	0	0	1	0
24_Oct_SF_Bin22	0	0	0	0	1	0	0	0	0	0	1	0	1	1	0
24_Oct_SF_Bin23	0	0	1	1	1	0	0	0	0	0	1	0	0	1	0
24_Oct_SF_Bin25	0	0	0	0	0	0	0	0	0	0	1	0	1	1	0
24_Oct_SF_Bin26	0	0	0	0	1	0	0	0	0	0	1	0	1	1	0
24_Oct_SF_Bin27	0	0	0	1	0	0	0	0	0	0	1	0	0	1	0
24_Oct_SF_Bin28	0	0	1	1	1	0	0	0	1	0	1	0	0	1	0
24_Oct_SF_Bin30	0	0	0	0	1	0	0	0	0	0	1	0	0	1	0
24_Oct_SF_Bin31	1	0	0	0	0	0	0	0	0	0	1	0	0	1	0
24_Oct_SF_Bin33	0	0	0	1	1	0	0	0	1	0	1	0	1	1	0
24_Oct_SF_Bin38	0	0	1	0	0	0	0	0	0	1	1	0	0	1	0
24_Oct_SF_Bin4	0	0	1	0	0	0	0	0	0	0	1	0	0	1	0
24_Oct_SF_Bin43	0	0	0	0	1	1	0	0	0	0	1	0	1	1	0
24_Oct_SF_Bin7	0	0	1	0	1	0	0	0	0	0	1	0	1	1	0
24_Oct_SF_Bin8	0	0	1	1	0	0	1	0	0	0	0	0	0	0	0
24_Oct_SF_Bin9	1	0	1	0	0	0	0	0	0	0	1	0	0	0	0
4_1_Jan_SF_Bin11	0	0	0	1	1	0	0	0	0	0	1	0	0	1	0
4_1_Jan_SF_Bin13	0	0	1	1	0	1	0	0	0	0	1	0	0	1	0
4_1_Jan_SF_Bin14	0	0	0	1	0	0	0	0	0	0	1	0	0	1	0
4_1_Jan_SF_Bin16	0	0	1	0	1	0	0	0	1	0	1	0	0	1	0
4_1_Jan_SF_Bin18	0	1	0	0	1	0	0	0	0	0	1	0	0	1	0
4_1_Jan_SF_Bin19	0	0	0	0	0	0	1	0	0	0	1	0	0	1	0
4_1_Jan_SF_Bin21	0	1	0	0	0	0	1	0	0	0	0	0	1	0	0
4_1_Jan_SF_Bin24	0	0	0	0	0	0	0	0	0	0	0	0	0	1	0
4_1_Jan_SF_Bin26	0	0	0	1	1	0	0	0	1	0	1	0	1	1	0
4_1_Jan_SF_Bin27	0	1	0	0	1	0	0	0	1	0	0	0	0	1	0
4_1_Jan_SF_Bin28	0	0	1	0	1	1	0	0	0	0	0	0	1	1	0
4_1_Jan_SF_Bin31	0	0	0	1	1	0	0	0	1	0	1	0	0	1	0
4_1_Jan_SF_Bin32	0	0	0	1	1	1	0	0	1	0	1	0	1	1	0
4_1_Jan_SF_Bin33	0	0	0	0	1	0	0	0	1	0	1	0	1	1	0
4_1_Jan_SF_Bin34	0	0	0	0	1	0	0	0	1	0	1	0	0	1	0
4_1_Jan_SF_Bin35	0	0	1	0	1	1	0	0	0	1	1	0	0	1	1
4_1_Jan_SF_Bin36	0	0	0	0	0	0	0	0	0	0	0	0	0	0	0
4_1_Jan_SF_Bin38	0	0	0	0	0	0	0	0	0	0	0	0	0	0	0
4_1_Jan_SF_Bin4	0	0	0	1	1	0	0	0	0	0	1	0	0	0	0
4_1_Jan_SF_Bin40	0	0	0	0	1	0	0	0	0	0	0	0	1	1	0
4_1_Jan_SF_Bin41	0	1	0	0	1	0	0	0	1	0	0	0	0	1	0
4_1_Jan_SF_Bin42	0	1	0	0	1	0	0	0	1	0	1	0	0	1	0
4_1_Jan_SF_Bin43	0	0	0	1	1	1	0	0	0	0	1	0	0	1	0
4_1_Jan_SF_Bin44	0	0	0	1	0	1	1	0	0	0	1	0	1	1	0
4_1_Jan_SF_Bin49	0	0	0	0	0	0	1	0	0	0	0	0	0	1	0
4_1_Jan_SF_Bin51	0	0	0	0	0	0	0	0	0	0	1	0	0	1	0
4_1_Jan_SF_Bin53	0	1	0	0	1	0	0	0	1	0	0	0	0	1	0
4_1_Jan_SF_Bin54	0	0	0	0	0	0	0	0	0	0	1	0	1	1	0
4_1_Jan_SF_Bin55	0	0	0	0	0	0	0	0	1	0	1	0	0	1	0
4_1_Jan_SF_Bin56	0	0	1	1	0	0	0	0	0	0	1	0	1	1	0
4_1_Jan_SF_Bin57	0	0	0	0	1	0	1	0	0	0	0	0	0	1	0
4_1_Jan_SF_Bin58	0	0	0	0	0	0	0	0	0	0	1	0	0	1	0
4_1_Jan_SF_Bin59	0	0	1	0	0	0	0	0	0	0	0	0	0	1	0
4_1_Jan_SF_Bin60	0	0	0	1	1	0	0	0	1	0	0	0	0	1	0
4_1_Jan_SF_Bin61	0	1	0	0	0	0	0	0	0	0	0	0	0	1	0
4_1_Jan_SF_Bin63	0	0	1	0	1	0	0	0	0	0	1	0	0	1	0
4_1_Jan_SF_Bin64	0	0	0	1	0	0	0	0	1	0	1	0	1	1	0
4_1_Jan_SF_Bin65	0	0	1	0	0	0	0	0	0	0	0	0	0	0	0
4_1_Jan_SF_Bin67	0	0	0	1	1	0	0	0	1	0	1	0	0	1	0
4_1_Jan_SF_Bin7	0	0	1	0	0	0	0	0	0	0	0	0	0	1	0
4_1_Jan_SF_Bin8	0	0	1	1	0	0	0	0	0	0	1	0	1	0	0
4_1_July_SF_Bin1	0	0	0	0	0	0	0	0	0	0	0	0	0	0	0
4_1_July_SF_Bin12	0	0	1	0	0	0	0	0	0	0	1	0	1	1	0
4_1_July_SF_Bin14	0	0	0	0	0	0	0	0	0	0	1	0	0	0	0
4_1_July_SF_Bin17	0	0	0	1	0	0	0	0	0	0	0	0	0	0	0
4_1_July_SF_Bin20	1	0	1	1	0	1	0	0	1	1	1	0	0	1	1
4_1_July_SF_Bin22	0	0	0	0	1	0	0	0	0	0	1	0	0	1	0
4_1_July_SF_Bin24	0	0	0	0	0	0	0	0	0	0	0	0	0	1	0
4_1_July_SF_Bin25	0	0	1	0	0	0	0	0	1	0	1	0	0	1	0
4_1_July_SF_Bin26	0	0	0	0	0	0	1	0	0	0	0	0	0	0	0
4_1_July_SF_Bin28	0	0	0	0	1	0	0	0	0	0	1	0	1	1	0
4_1_July_SF_Bin29	0	0	0	0	0	0	0	0	0	0	0	0	0	0	0
4_1_July_SF_Bin3	0	0	1	0	1	0	0	0	0	0	0	0	0	1	0
4_1_July_SF_Bin30	0	0	0	0	0	0	0	0	0	0	1	0	0	1	0
4_1_July_SF_Bin31	1	0	1	0	0	0	0	0	0	0	1	0	0	1	0
4_1_July_SF_Bin33	0	0	0	0	0	1	0	0	0	0	0	0	0	1	0
4_1_July_SF_Bin34	0	0	0	1	0	0	0	0	0	0	1	0	0	1	0
4_1_July_SF_Bin35	0	0	0	0	0	0	0	0	0	0	1	0	0	1	0
4_1_July_SF_Bin37	0	0	0	1	0	0	0	0	0	0	0	0	0	0	0
4_1_July_SF_Bin39	0	0	0	0	0	0	0	0	0	0	1	0	0	0	0
4_1_July_SF_Bin41	0	0	0	0	0	0	0	0	0	0	0	0	0	0	0
4_1_July_SF_Bin42	0	0	0	0	0	0	0	0	0	0	1	0	0	0	0
4_1_July_SF_Bin43	0	0	1	0	0	1	0	0	0	0	1	0	0	1	0
4_1_July_SF_Bin45	0	0	1	0	1	1	0	0	0	0	1	0	0	1	0
4_1_July_SF_Bin46	0	0	0	0	1	0	0	0	0	0	1	0	0	1	0
4_1_July_SF_Bin47	1	0	1	1	1	1	0	0	0	1	1	0	0	1	0
4_1_July_SF_Bin48	0	0	1	0	1	0	0	0	0	0	1	0	1	1	0
4_1_July_SF_Bin49	0	0	1	0	0	0	0	0	1	0	0	0	0	1	0
4_1_July_SF_Bin50	0	1	0	0	1	0	0	0	1	0	1	0	0	1	0
4_1_July_SF_Bin51	0	0	0	0	0	0	0	0	0	0	1	0	0	0	0
4_1_July_SF_Bin52	0	0	0	1	0	0	0	0	0	0	1	0	0	0	0
4_1_July_SF_Bin53	0	1	0	0	1	0	0	0	1	0	0	0	1	1	0
4_1_July_SF_Bin54	0	0	0	0	0	0	0	0	0	0	1	0	0	0	0
4_1_July_SF_Bin55	0	0	0	0	0	0	0	0	0	1	1	0	0	0	0
4_1_July_SF_Bin56	0	0	1	0	0	0	0	0	0	0	1	0	0	1	0
4_1_July_SF_Bin57	0	0	0	0	0	0	0	0	0	0	0	0	0	0	0
4_1_July_SF_Bin6	0	0	0	0	0	0	0	0	0	0	1	0	1	1	0
4_1_July_SF_Bin60	0	0	1	0	0	0	0	0	1	1	1	0	0	1	1
4_1_July_SF_Bin61	0	0	0	0	0	0	0	0	0	0	1	0	0	0	0
4_1_July_SF_Bin62	0	0	0	0	0	0	0	0	0	0	1	0	0	0	0
4_1_July_SF_Bin64	0	0	0	0	0	0	0	0	0	0	0	0	0	0	0
4_1_July_SF_Bin9	0	0	1	1	1	0	0	0	0	0	1	0	1	1	0
4_1_May_SF_Bin1	0	0	1	0	0	0	0	0	1	0	1	0	0	1	0
4_1_May_SF_Bin10	0	0	0	1	0	1	1	0	0	0	1	0	1	1	0
4_1_May_SF_Bin11	0	0	1	0	0	0	0	0	0	0	1	0	1	0	0
4_1_May_SF_Bin13	0	0	1	0	0	0	0	0	0	0	1	0	0	0	0
4_1_May_SF_Bin14	0	0	0	0	0	0	0	0	0	0	1	0	0	0	0
4_1_May_SF_Bin26	0	0	1	0	0	0	0	0	1	0	1	0	1	1	0
4_1_May_SF_Bin28	0	0	0	0	0	0	1	0	0	0	0	0	0	0	0
4_1_May_SF_Bin29	0	0	0	0	0	0	0	0	0	0	1	0	0	0	0
4_1_May_SF_Bin30	0	0	0	0	1	0	0	0	1	0	1	0	1	1	0
4_1_May_SF_Bin31	0	0	1	0	0	0	0	0	0	0	0	0	0	1	0
4_1_May_SF_Bin33	0	1	1	0	1	0	0	0	0	0	1	0	0	1	0
4_1_May_SF_Bin34	0	0	0	0	1	0	0	0	0	0	1	0	0	1	0
4_1_May_SF_Bin35	0	0	0	1	1	0	0	0	1	0	1	0	1	1	0
4_1_May_SF_Bin36	0	1	0	0	1	0	0	0	1	0	0	0	0	1	0
4_1_May_SF_Bin38	0	0	0	0	0	0	0	0	0	0	0	0	0	1	0
4_1_May_SF_Bin4	0	0	1	0	0	0	0	0	0	1	1	0	0	1	0
4_1_May_SF_Bin43	0	0	0	1	1	0	0	0	1	0	1	0	0	1	0
4_1_May_SF_Bin44	0	0	0	1	1	1	0	0	1	0	1	0	1	1	0
4_1_May_SF_Bin47	0	0	1	0	0	0	0	0	0	0	0	0	0	1	0
4_1_May_SF_Bin49	0	0	0	0	1	0	0	0	0	0	1	0	1	0	0
4_1_May_SF_Bin50	0	0	0	0	0	0	0	0	0	0	1	0	0	1	0
4_1_May_SF_Bin51	0	0	1	0	1	0	0	0	0	0	1	0	0	1	0
4_1_May_SF_Bin52	0	1	0	0	0	0	0	0	0	0	0	0	0	1	0
4_1_May_SF_Bin53	0	1	0	0	1	0	0	0	1	0	1	0	0	1	0
4_1_May_SF_Bin54	0	0	0	0	0	0	0	0	0	0	0	0	0	0	0
4_1_May_SF_Bin55	0	1	0	0	1	0	0	0	0	0	1	0	0	1	0
4_1_May_SF_Bin56	0	0	0	0	0	0	1	0	0	0	1	0	0	1	0
4_1_May_SF_Bin57	1	0	1	1	0	0	0	0	0	1	1	0	0	1	1
4_1_May_SF_Bin58	1	0	1	1	0	0	0	0	1	1	1	0	0	1	1
4_1_May_SF_Bin59	0	1	0	0	1	0	0	0	1	0	0	0	0	1	0
4_1_May_SF_Bin6	0	1	0	0	1	0	0	0	0	0	1	0	0	1	0
4_1_May_SF_Bin62	0	0	1	0	0	0	0	0	0	0	0	0	0	1	0
4_1_May_SF_Bin63	0	1	0	0	1	0	0	0	0	0	0	0	0	1	0
4_1_May_SF_Bin64	0	0	0	0	0	0	0	0	0	0	0	0	0	0	0
4_1_May_SF_Bin65	0	0	0	0	1	0	0	0	0	0	1	0	1	1	0
4_1_May_SF_Bin66	0	0	0	0	0	0	1	0	0	0	0	0	0	1	0
4_1_May_SF_Bin67	0	0	0	1	1	0	0	0	1	0	1	0	0	1	0
4_1_May_SF_Bin68	0	0	1	0	0	0	0	0	0	0	0	0	1	0	0
4_1_May_SF_Bin69	0	0	0	0	0	0	0	0	0	0	1	0	0	0	0
4_1_May_SF_Bin72	0	0	0	0	1	0	0	0	1	0	1	0	0	0	0
4_1_May_SF_Bin74	0	0	0	1	1	0	0	0	1	0	1	0	0	1	0
4_1_May_SF_Bin75	0	0	1	1	0	0	0	0	0	0	1	0	1	1	0
4_1_May_SF_Bin9	1	0	1	0	0	0	0	0	0	1	1	0	0	1	0
4_1_Oct_SF_Bin11	0	0	1	0	0	0	0	0	0	0	0	0	0	0	0
4_1_Oct_SF_Bin12	0	0	1	0	1	0	0	0	0	0	1	0	0	1	0
4_1_Oct_SF_Bin14	0	1	0	0	0	0	0	0	0	0	1	0	0	1	0
4_1_Oct_SF_Bin16	0	0	1	1	0	0	0	0	0	0	1	0	1	1	0
4_1_Oct_SF_Bin17	0	0	1	0	0	0	0	0	0	0	0	0	0	0	0
4_1_Oct_SF_Bin18	0	0	1	0	0	0	1	0	0	0	0	0	0	1	0
4_1_Oct_SF_Bin19	0	0	1	0	0	0	0	0	0	0	0	0	0	0	0
4_1_Oct_SF_Bin2	0	0	0	0	0	0	0	0	0	0	1	0	0	1	0
4_1_Oct_SF_Bin20	0	0	0	0	0	0	1	0	0	0	0	0	0	1	0
4_1_Oct_SF_Bin21	0	0	0	0	0	0	0	0	0	0	0	0	1	1	0
4_1_Oct_SF_Bin22	0	0	0	1	1	0	0	0	1	0	1	0	1	1	0
4_1_Oct_SF_Bin23	0	1	0	0	1	0	0	0	1	0	0	0	0	1	0
4_1_Oct_SF_Bin24	0	0	0	1	1	0	0	0	1	0	1	0	0	1	0
4_1_Oct_SF_Bin26	0	1	0	0	1	0	0	0	0	0	0	0	0	1	0
4_1_Oct_SF_Bin27	0	0	0	0	1	0	0	0	0	0	1	0	1	1	0
4_1_Oct_SF_Bin28	0	0	0	0	1	0	0	0	1	0	1	0	1	1	0
4_1_Oct_SF_Bin29	0	0	1	1	0	0	0	0	0	0	1	0	1	1	0
4_1_Oct_SF_Bin30	0	1	0	0	1	0	0	0	1	0	1	0	0	1	0
4_1_Oct_SF_Bin31	0	0	1	1	1	0	0	0	1	0	1	0	1	0	0
4_1_Oct_SF_Bin32	0	1	0	0	0	0	0	0	0	0	0	0	0	1	0
4_1_Oct_SF_Bin33	0	0	0	0	0	0	0	0	1	0	1	0	0	1	0
4_1_Oct_SF_Bin34	0	0	0	0	1	0	0	0	0	0	1	0	0	1	0
4_1_Oct_SF_Bin38	0	0	0	1	1	0	0	0	1	0	0	0	0	1	0
4_1_Oct_SF_Bin4	0	0	0	1	1	0	0	0	0	0	1	0	0	1	0
4_1_Oct_SF_Bin40	0	0	1	1	1	0	0	0	0	0	1	0	1	1	1
4_1_Oct_SF_Bin41	0	0	0	1	0	1	1	0	0	0	1	0	1	1	0
4_1_Oct_SF_Bin42	0	0	0	1	1	0	0	0	1	0	1	0	0	1	0
4_1_Oct_SF_Bin43	0	0	0	1	1	1	0	0	1	0	1	0	0	1	0
4_1_Oct_SF_Bin44	0	0	1	0	1	1	0	0	0	1	1	0	0	1	1
4_1_Oct_SF_Bin45	0	0	0	0	1	0	0	0	0	0	0	0	0	0	0
4_1_Oct_SF_Bin49	0	0	1	1	0	0	0	0	1	0	1	0	1	1	0
4_1_Oct_SF_Bin50	0	0	0	1	1	1	0	0	1	0	1	0	1	1	0
4_1_Oct_SF_Bin51	0	0	1	1	0	0	0	0	1	0	1	0	1	1	0
4_1_Oct_SF_Bin52	0	1	0	0	1	0	0	0	1	0	0	0	0	1	0
4_1_Oct_SF_Bin54	0	0	0	0	0	0	1	0	0	0	1	0	0	1	0
4_1_Oct_SF_Bin55	0	0	0	0	1	0	0	0	1	0	1	0	0	1	0
4_1_Oct_SF_Bin8	0	0	0	0	1	0	0	0	0	0	1	0	1	0	0
4_1_Oct_SF_Bin9	0	1	0	0	1	0	0	0	0	0	1	0	0	1	0
8_1_Jan_SF_Bin1	0	0	1	1	0	0	0	0	0	0	1	0	1	1	0
8_1_Jan_SF_Bin100	0	0	0	1	0	0	0	0	0	0	1	0	1	1	0
8_1_Jan_SF_Bin101	0	0	0	0	0	0	0	0	0	0	0	0	0	0	0
8_1_Jan_SF_Bin103	0	0	1	1	0	0	0	0	0	0	1	0	1	1	0
8_1_Jan_SF_Bin105	0	0	1	1	0	0	0	0	0	0	1	0	1	1	0
8_1_Jan_SF_Bin107	0	0	1	0	1	0	0	0	0	0	1	0	1	1	0
8_1_Jan_SF_Bin108	0	0	0	0	0	0	0	0	0	0	1	0	0	0	0
8_1_Jan_SF_Bin12	0	0	0	0	0	0	0	0	0	0	0	0	0	1	0
8_1_Jan_SF_Bin13	0	0	0	0	0	0	0	0	0	1	1	0	0	1	0
8_1_Jan_SF_Bin14	0	0	0	0	0	0	0	0	0	0	0	0	0	0	0
8_1_Jan_SF_Bin17	0	0	1	1	0	0	0	0	1	0	1	0	1	1	0
8_1_Jan_SF_Bin18	0	0	0	0	1	0	0	0	0	0	1	0	1	1	0
8_1_Jan_SF_Bin19	0	0	1	0	1	1	0	0	0	0	1	0	1	1	0
8_1_Jan_SF_Bin23	0	0	1	1	1	0	0	0	0	0	1	0	1	1	0
8_1_Jan_SF_Bin27	0	0	1	0	1	0	0	0	0	0	1	0	1	1	0
8_1_Jan_SF_Bin31	0	0	1	1	0	0	0	0	1	0	0	0	1	1	0
8_1_Jan_SF_Bin32	0	0	0	0	0	0	0	0	0	0	0	0	0	0	0
8_1_Jan_SF_Bin33	0	0	0	1	0	0	0	0	0	0	1	0	1	1	0
8_1_Jan_SF_Bin34	0	0	1	1	0	0	0	0	0	0	0	0	0	0	0
8_1_Jan_SF_Bin35	0	0	0	0	0	0	0	0	0	0	0	0	0	1	0
8_1_Jan_SF_Bin36	0	0	0	0	0	0	0	0	0	0	1	0	0	0	0
8_1_Jan_SF_Bin39	0	0	0	1	1	0	0	0	0	0	1	0	1	0	0
8_1_Jan_SF_Bin3_1	0	0	0	1	0	0	0	0	0	0	1	0	1	1	0
8_1_Jan_SF_Bin4	0	0	1	0	1	1	1	0	0	0	1	0	0	1	0
8_1_Jan_SF_Bin40	0	0	0	1	0	1	1	0	0	0	1	0	0	0	0
8_1_Jan_SF_Bin41	0	0	0	0	0	0	0	0	0	0	0	0	0	0	0
8_1_Jan_SF_Bin42	0	0	1	1	1	0	1	0	0	0	1	0	0	1	0
8_1_Jan_SF_Bin44	0	0	0	1	1	0	0	0	0	0	1	0	1	1	0
8_1_Jan_SF_Bin45	0	0	0	0	0	0	0	0	0	0	1	0	0	0	0
8_1_Jan_SF_Bin46	0	0	0	0	0	0	0	0	0	0	1	0	0	0	0
8_1_Jan_SF_Bin48	0	0	0	0	0	0	0	0	0	0	1	0	0	0	0
8_1_Jan_SF_Bin49	0	0	0	1	0	0	0	0	0	0	1	0	0	1	0
8_1_Jan_SF_Bin50	0	0	0	0	0	0	0	0	0	0	0	0	0	0	0
8_1_Jan_SF_Bin51	0	0	0	0	0	0	0	0	1	0	0	0	0	0	0
8_1_Jan_SF_Bin52	0	0	0	0	0	0	0	0	0	0	0	0	0	0	0
8_1_Jan_SF_Bin53	0	0	0	0	0	0	0	0	0	0	1	0	1	0	0
8_1_Jan_SF_Bin54	0	0	1	1	1	0	0	0	0	0	1	0	1	1	0
8_1_Jan_SF_Bin55	0	0	0	0	0	0	0	0	0	0	1	0	0	0	0
8_1_Jan_SF_Bin56	0	0	1	1	1	0	0	0	1	0	1	0	1	1	0
8_1_Jan_SF_Bin58	0	0	0	0	1	0	0	0	0	0	0	0	0	0	0
8_1_Jan_SF_Bin59	0	0	0	0	0	0	0	0	0	0	1	0	0	1	0
8_1_Jan_SF_Bin6	0	0	0	1	0	0	0	0	0	0	1	0	0	1	1
8_1_Jan_SF_Bin60	0	0	1	0	1	0	0	0	0	0	1	0	1	1	0
8_1_Jan_SF_Bin62	0	0	0	0	0	0	0	0	0	0	0	0	0	1	0
8_1_Jan_SF_Bin63	0	0	1	1	0	0	0	0	0	0	1	0	1	1	0
8_1_Jan_SF_Bin65	0	0	1	1	0	0	0	0	1	0	1	0	1	1	0
8_1_Jan_SF_Bin66	0	0	0	0	0	0	0	0	0	0	1	0	0	1	0
8_1_Jan_SF_Bin67	0	0	0	0	0	0	0	0	0	0	1	0	0	1	0
8_1_Jan_SF_Bin68	0	1	0	1	1	0	0	0	0	0	1	0	0	0	0
8_1_Jan_SF_Bin71	0	0	0	0	0	0	0	0	0	0	1	0	0	0	0
8_1_Jan_SF_Bin73	0	0	1	0	1	0	0	0	0	0	0	0	0	1	0
8_1_Jan_SF_Bin74	0	0	0	0	0	0	0	0	0	0	1	0	0	0	0
8_1_Jan_SF_Bin75	0	0	1	0	1	0	0	0	0	0	1	0	1	1	0
8_1_Jan_SF_Bin77	0	0	1	0	1	1	0	0	0	0	1	0	0	1	0
8_1_Jan_SF_Bin79	0	0	0	0	0	0	0	0	0	0	0	0	0	0	0
8_1_Jan_SF_Bin80	0	0	0	0	1	0	0	0	0	0	0	0	0	0	0
8_1_Jan_SF_Bin81	0	0	0	0	0	0	0	0	0	0	1	0	0	0	0
8_1_Jan_SF_Bin82	0	0	1	1	0	0	0	0	0	0	1	0	1	1	0
8_1_Jan_SF_Bin85	0	0	0	0	1	0	0	0	1	0	1	0	0	1	0
8_1_Jan_SF_Bin86	0	0	0	0	0	0	0	0	0	0	0	0	0	1	0
8_1_Jan_SF_Bin88	0	0	1	0	0	0	1	0	0	0	0	0	1	1	0
8_1_Jan_SF_Bin89	0	0	1	0	1	1	1	0	0	0	1	0	0	0	0
8_1_Jan_SF_Bin9	0	0	0	0	1	0	0	0	0	0	1	0	0	1	0
8_1_Jan_SF_Bin93	0	0	0	0	1	0	0	0	0	0	1	0	1	1	0
8_1_Jan_SF_Bin95	0	0	0	0	1	0	0	0	0	0	1	0	0	0	0
8_1_Jan_SF_Bin96	0	0	0	0	0	0	0	0	0	0	1	0	0	0	0
8_1_Jan_SF_Bin98	0	0	1	1	0	0	0	0	0	0	1	0	1	1	0
8_1_July_SF_Bin11	0	0	0	0	1	0	0	0	0	0	1	0	1	1	0
8_1_July_SF_Bin13	0	0	0	0	1	0	0	0	0	0	1	0	1	1	0
8_1_July_SF_Bin20	1	0	1	0	0	0	0	0	0	1	1	0	0	1	1
8_1_July_SF_Bin21	0	0	1	0	1	1	0	0	0	0	1	0	0	1	0
8_1_July_SF_Bin24	0	0	0	0	1	0	0	0	0	0	1	0	1	1	0
8_1_July_SF_Bin25	0	0	0	0	0	0	0	0	0	0	0	0	0	0	0
8_1_July_SF_Bin26	0	0	1	1	0	1	0	0	0	0	1	0	0	1	1
8_1_July_SF_Bin3	0	0	1	0	1	0	0	0	0	0	0	0	1	1	0
8_1_July_SF_Bin31	0	0	1	0	0	0	0	0	1	0	0	0	1	1	0
8_1_July_SF_Bin32	0	0	0	0	1	0	0	0	0	0	1	0	1	1	0
8_1_July_SF_Bin33	0	0	0	0	0	0	0	0	0	0	0	0	0	0	0
8_1_July_SF_Bin34	0	0	0	1	1	0	0	0	0	0	1	0	0	1	0
8_1_July_SF_Bin35	0	0	0	0	0	0	0	0	0	0	1	0	0	1	0
8_1_July_SF_Bin36	0	0	0	0	1	1	0	0	0	0	0	0	0	1	0
8_1_July_SF_Bin37	0	0	0	0	1	1	0	0	0	0	1	0	0	1	0
8_1_July_SF_Bin39	0	0	0	0	1	0	0	0	0	0	1	0	1	1	0
8_1_July_SF_Bin40	0	0	1	1	1	0	1	0	1	0	1	0	1	0	0
8_1_July_SF_Bin41	1	0	0	0	1	0	0	0	0	0	1	0	0	1	0
8_1_July_SF_Bin42	0	0	0	0	0	0	0	0	0	0	1	0	0	0	0
8_1_July_SF_Bin45	0	1	1	0	1	0	0	0	0	0	0	0	0	1	0
8_1_July_SF_Bin46	0	0	0	1	0	1	0	0	1	0	0	0	1	0	0
8_1_July_SF_Bin47	0	0	1	0	1	0	0	0	0	0	0	0	0	1	0
8_1_July_SF_Bin48	0	0	0	0	1	0	0	0	1	0	1	0	0	1	0
8_1_July_SF_Bin50	0	0	0	1	0	0	0	0	0	0	0	0	0	1	0
8_1_July_SF_Bin52	0	0	1	0	0	0	0	0	0	0	1	0	0	1	0
8_1_July_SF_Bin54	0	0	1	1	1	0	1	0	1	0	1	0	1	1	0
8_1_July_SF_Bin55	0	0	1	1	1	0	0	0	0	0	1	0	1	1	0
8_1_July_SF_Bin57	0	0	1	1	1	0	1	0	1	0	1	0	1	1	0
8_1_July_SF_Bin58	0	0	1	0	1	0	0	0	0	0	0	0	0	1	0
8_1_July_SF_Bin59	0	0	0	0	0	0	0	0	0	0	1	0	0	1	0
8_1_July_SF_Bin60	0	1	0	0	0	0	0	0	0	0	1	0	0	1	0
8_1_July_SF_Bin61	0	1	1	0	1	0	0	0	0	0	1	0	0	0	0
8_1_July_SF_Bin62	0	0	0	0	0	0	0	0	0	0	1	0	1	1	0
8_1_July_SF_Bin63	0	0	0	1	0	0	0	0	0	0	1	0	0	1	0
8_1_July_SF_Bin64	0	0	1	0	1	0	1	0	0	0	0	0	0	0	0
8_1_July_SF_Bin65	0	0	0	0	0	0	0	0	1	0	1	0	0	1	0
8_1_July_SF_Bin66	0	0	1	1	1	0	0	0	1	0	1	0	1	1	0
8_1_July_SF_Bin68	0	0	0	0	1	0	0	0	0	0	1	0	1	1	0
8_1_July_SF_Bin69	0	0	0	0	1	0	0	0	1	0	1	0	0	1	0
8_1_July_SF_Bin7	0	0	1	1	0	0	0	0	0	0	0	0	0	1	0
8_1_July_SF_Bin70	0	0	1	0	1	1	0	0	0	0	0	0	1	0	0
8_1_July_SF_Bin71	0	0	0	0	0	0	0	0	0	0	0	0	0	1	0
8_1_July_SF_Bin73	0	0	0	0	0	0	0	0	0	0	1	0	0	0	0
8_1_July_SF_Bin8	0	0	0	0	1	0	1	0	0	0	1	0	0	1	0
8_1_May_SF_Bin10	0	0	0	0	1	0	0	0	0	0	0	0	0	1	0
8_1_May_SF_Bin11	0	0	0	0	1	0	0	0	1	0	1	0	0	1	0
8_1_May_SF_Bin12	0	0	1	1	0	0	0	0	0	0	1	0	1	1	0
8_1_May_SF_Bin13	0	0	0	0	1	0	1	0	0	0	0	0	0	1	0
8_1_May_SF_Bin16	0	0	0	0	1	1	0	0	0	0	1	0	0	1	0
8_1_May_SF_Bin17	0	0	0	0	1	0	0	0	0	0	1	0	0	1	0
8_1_May_SF_Bin19	0	0	1	0	1	0	0	0	0	0	1	0	1	1	0
8_1_May_SF_Bin5	0	1	0	1	1	1	1	0	0	0	0	0	0	0	0
8_1_May_SF_Bin8	0	0	0	0	0	0	0	0	0	0	1	0	0	0	0
8_1_May_SF_Bin9	0	0	0	0	0	0	0	0	0	0	1	0	0	1	0
8_1_Oct_SF_Bin1	0	0	1	1	1	0	1	0	0	0	1	0	0	1	0
8_1_Oct_SF_Bin100	0	0	0	0	0	0	0	0	0	0	0	0	0	0	0
8_1_Oct_SF_Bin101	0	0	1	0	1	1	0	0	0	0	1	0	0	1	0
8_1_Oct_SF_Bin102	0	0	1	1	1	0	0	0	1	0	1	0	1	1	0
8_1_Oct_SF_Bin103	0	0	0	0	0	0	0	0	0	0	1	0	0	1	0
8_1_Oct_SF_Bin104	0	0	1	0	1	1	0	0	0	0	1	0	1	1	0
8_1_Oct_SF_Bin105	0	0	1	0	0	0	0	0	1	0	0	0	1	0	0
8_1_Oct_SF_Bin107	0	0	0	0	0	0	0	0	0	0	0	0	0	0	0
8_1_Oct_SF_Bin109	0	0	1	0	0	0	1	0	0	0	1	0	0	1	0
8_1_Oct_SF_Bin11	0	0	1	0	0	0	1	0	0	0	1	0	0	1	0
8_1_Oct_SF_Bin111	0	0	1	0	1	1	1	0	1	0	1	0	1	1	0
8_1_Oct_SF_Bin13	0	0	0	0	1	0	0	0	0	0	1	0	0	1	0
8_1_Oct_SF_Bin14	0	0	0	1	0	1	1	0	0	0	1	0	0	1	0
8_1_Oct_SF_Bin17	0	0	0	0	0	1	0	0	0	0	1	0	0	0	0
8_1_Oct_SF_Bin18	0	0	0	1	1	0	0	0	0	0	1	0	1	1	0
8_1_Oct_SF_Bin19	0	0	0	1	0	0	0	0	0	0	1	0	0	1	0
8_1_Oct_SF_Bin20	0	0	0	0	0	0	0	0	0	0	0	0	0	1	0
8_1_Oct_SF_Bin23	0	0	1	0	0	0	0	0	0	0	1	0	0	1	0
8_1_Oct_SF_Bin24	0	0	1	0	1	0	1	0	0	0	0	0	0	1	0
8_1_Oct_SF_Bin25	0	0	1	0	1	0	1	0	1	0	0	0	0	1	0
8_1_Oct_SF_Bin26	0	1	1	0	1	0	0	0	0	0	0	0	0	1	0
8_1_Oct_SF_Bin28	0	0	1	1	1	0	1	0	1	0	1	0	1	1	0
8_1_Oct_SF_Bin29	0	0	0	0	0	0	1	0	0	0	1	0	0	0	0
8_1_Oct_SF_Bin3	0	0	1	1	0	0	0	0	0	0	1	0	1	1	0
8_1_Oct_SF_Bin32	0	0	0	0	0	0	0	0	0	0	1	0	0	1	0
8_1_Oct_SF_Bin33	0	0	0	0	0	0	0	0	0	0	1	0	0	0	0
8_1_Oct_SF_Bin34	0	0	1	1	1	0	0	0	0	0	1	0	1	0	0
8_1_Oct_SF_Bin35	0	0	0	0	0	0	0	0	0	0	1	0	0	0	0
8_1_Oct_SF_Bin36	0	0	0	0	0	0	0	0	0	0	1	0	0	0	0
8_1_Oct_SF_Bin37	0	0	0	0	0	0	0	0	0	0	0	0	0	0	0
8_1_Oct_SF_Bin39	0	0	0	0	0	0	0	0	0	0	0	0	0	0	0
8_1_Oct_SF_Bin4	0	0	1	0	1	0	0	0	0	0	1	0	0	1	0
8_1_Oct_SF_Bin41	0	0	0	0	0	0	0	0	0	0	1	0	0	1	0
8_1_Oct_SF_Bin42	0	0	0	0	0	0	0	0	0	0	0	0	0	0	0
8_1_Oct_SF_Bin45	0	0	0	0	0	0	0	0	0	0	1	0	0	1	0
8_1_Oct_SF_Bin47	0	0	0	1	1	0	0	0	0	0	1	0	1	1	0
8_1_Oct_SF_Bin49	0	1	1	0	0	0	0	0	0	0	1	0	0	1	0
8_1_Oct_SF_Bin52	0	0	0	0	0	0	0	0	0	0	1	0	0	0	0
8_1_Oct_SF_Bin53	0	0	0	0	0	0	0	0	0	0	1	0	0	0	0
8_1_Oct_SF_Bin54	0	1	1	0	0	0	0	0	0	0	1	0	0	1	0
8_1_Oct_SF_Bin55	0	0	0	0	0	0	0	0	0	0	1	0	0	0	0
8_1_Oct_SF_Bin56	0	0	1	0	1	0	0	0	1	0	1	0	1	1	0
8_1_Oct_SF_Bin59	0	0	0	0	1	0	0	0	1	0	1	0	0	1	0
8_1_Oct_SF_Bin61	0	0	1	0	1	0	1	0	0	0	0	0	1	1	0
8_1_Oct_SF_Bin62	0	0	0	0	0	0	0	0	0	0	1	0	0	0	0
8_1_Oct_SF_Bin63	0	1	0	1	0	0	0	0	0	0	0	0	0	1	0
8_1_Oct_SF_Bin66	0	0	0	0	1	0	0	0	0	0	1	0	0	1	0
8_1_Oct_SF_Bin67	0	0	0	0	0	0	0	0	0	0	0	0	0	1	0
8_1_Oct_SF_Bin68	0	0	1	0	1	0	0	0	0	0	1	0	1	1	0
8_1_Oct_SF_Bin69	0	1	0	0	1	1	0	0	0	0	1	0	0	1	0
8_1_Oct_SF_Bin71	0	0	0	0	0	0	0	0	0	0	1	0	0	0	0
8_1_Oct_SF_Bin72	0	0	1	0	1	0	1	0	0	0	1	0	0	1	0
8_1_Oct_SF_Bin73	0	0	1	0	1	0	1	0	0	0	1	0	1	1	0
8_1_Oct_SF_Bin74	0	1	0	0	1	0	0	0	0	0	1	0	0	1	0
8_1_Oct_SF_Bin77	0	0	1	1	0	0	0	0	0	0	1	0	1	1	0
8_1_Oct_SF_Bin79	0	0	0	0	0	0	0	0	0	1	1	0	0	1	0
8_1_Oct_SF_Bin8	0	0	0	0	1	0	0	0	0	0	1	0	1	1	0
8_1_Oct_SF_Bin80	0	0	0	0	0	0	0	0	0	0	0	0	0	0	0
8_1_Oct_SF_Bin81	0	0	0	0	0	0	1	0	0	0	0	0	0	0	0
8_1_Oct_SF_Bin82	0	0	0	0	0	0	0	0	0	0	0	0	0	0	0
8_1_Oct_SF_Bin83	0	0	0	0	0	0	0	0	0	0	1	0	0	1	0
8_1_Oct_SF_Bin84	0	0	0	0	0	0	0	0	0	0	0	0	0	1	0
8_1_Oct_SF_Bin85	0	0	0	0	0	0	0	0	0	0	0	0	0	0	0
8_1_Oct_SF_Bin87	0	0	0	0	0	0	0	0	0	0	1	0	0	0	0
8_1_Oct_SF_Bin90	0	0	0	0	0	0	0	0	0	0	0	0	0	0	0
8_1_Oct_SF_Bin91	0	0	1	1	1	1	1	0	0	0	0	0	0	0	0
8_1_Oct_SF_Bin92	0	0	0	0	0	0	0	0	0	0	1	0	1	1	0
8_1_Oct_SF_Bin93	0	0	0	0	0	0	0	0	0	0	1	0	0	1	0
8_1_Oct_SF_Bin95	0	0	1	0	0	1	0	0	0	0	1	0	1	1	0
8_1_Oct_SF_Bin96	0	0	0	0	0	0	0	0	0	0	1	0	0	0	0
8_1_Oct_SF_Bin98	0	0	1	1	1	0	0	0	0	0	1	0	1	1	0