site	genome	sulfur	carbon	oxygen	iron	nitrogen
13_Jan	13_Jan_SF_Bin1	4.35	8.615	2.998	3.382	9.869
13_Jan	13_Jan_SF_Bin10	7.548	2.862	3.667	5.672	8.812
13_Jan	13_Jan_SF_Bin12	7.071	15.474	4.313	7.354	12.347
13_Jan	13_Jan_SF_Bin13	8.464	4.63	3.944	5.563	10.267
13_Jan	13_Jan_SF_Bin14	9.068	16.559	4.075	5.131	11.376
13_Jan	13_Jan_SF_Bin2	4.298	3.543	2.254	5.232	10.677
13_Jan	13_Jan_SF_Bin21	2.124	0.855	0.912	0.439	1.689
13_Jan	13_Jan_SF_Bin23	2.946	5.43	3.53	3.484	11.47
13_Jan	13_Jan_SF_Bin29	5.371	2.792	3.348	9.067	13.669
13_Jan	13_Jan_SF_Bin30	8.716	12.108	1.907	7.093	10.718
13_Jan	13_Jan_SF_Bin31	8.647	11.484	2.405	6.367	9.771
13_Jan	13_Jan_SF_Bin32	5.126	2.52	2.986	6.39	10.395
13_Jan	13_Jan_SF_Bin36	3.116	2.331	0.394	0.219	1.89
13_Jan	13_Jan_SF_Bin38	10.124	8.74	3.047	7.494	13.058
13_Jan	13_Jan_SF_Bin40	2.474	4.894	3.928	2.435	7.626
13_Jan	13_Jan_SF_Bin42	7.705	8.043	5.163	7.448	12.787
13_Jan	13_Jan_SF_Bin43	1.712	1.262	1.273	3.763	4.567
13_Jan	13_Jan_SF_Bin44	6.335	5.9	3.367	8.539	13.988
13_Jan	13_Jan_SF_Bin46	3.619	4.493	3.059	8.84	12.384
13_Jan	13_Jan_SF_Bin49	10.231	10.932	3.834	4.115	9.176
13_Jan	13_Jan_SF_Bin5	1.25	-0.221	0.094	4.327	5.679
13_Jan	13_Jan_SF_Bin52	2.757	5.356	2.401	2.75	8.442
13_Jan	13_Jan_SF_Bin53	7.548	3.301	3.028	7.539	13.2
13_Jan	13_Jan_SF_Bin54	4.689	11.37	3.392	3.831	8.002
13_Jan	13_Jan_SF_Bin58	7.342	4.896	5.308	8.02	14.471
13_Jan	13_Jan_SF_Bin61	7.269	12.489	0.785	0.817	6.973
13_Jan	13_Jan_SF_Bin62	9.015	4.437	4.467	7.395	13.957
13_Jan	13_Jan_SF_Bin63	1.372	4.656	3.379	2.75	6.681
13_Jan	13_Jan_SF_Bin8	10.681	12.913	2.112	6.584	11.356
13_May	13_May_SF_Bin101	2.924	3.857	3.684	7.145	11.496
13_May	13_May_SF_Bin102	3.86	7.048	4.125	9.124	13.69
13_May	13_May_SF_Bin12	6.52	2.771	2.314	4.317	11.048
13_May	13_May_SF_Bin13	7.987	5.004	4.464	7.471	15.328
13_May	13_May_SF_Bin18	6.903	6.179	1.891	7.119	12.046
13_May	13_May_SF_Bin19	5.518	2.201	1.954	5.493	10.431
13_May	13_May_SF_Bin21	1.837	2.587	0.75	5.841	8.156
13_May	13_May_SF_Bin22	8.853	5.114	4.993	9.126	14.803
13_May	13_May_SF_Bin23	3.518	1.976	1.532	7.234	8.207
13_May	13_May_SF_Bin24	1.876	2.091	1.607	3.344	10.77
13_May	13_May_SF_Bin26	1.964	5.79	3.362	3.698	7.684
13_May	13_May_SF_Bin27	3.36	2.418	3.605	7.846	13.347
13_May	13_May_SF_Bin3	5.895	1.406	2.441	5.453	11.927
13_May	13_May_SF_Bin31	5.88	3.631	4.588	5.369	14.687
13_May	13_May_SF_Bin32	1.037	5.559	4.632	7.594	16.069
13_May	13_May_SF_Bin34	1.365	2.951	5.807	9.239	15.636
13_May	13_May_SF_Bin35	0.338	3.879	4.283	5.578	13.198
13_May	13_May_SF_Bin37	1.442	1.792	3.295	6.906	11.16
13_May	13_May_SF_Bin38	-0.34	2.919	2.373	7.203	11.043
13_May	13_May_SF_Bin4	0.671	3.627	5.026	6.229	11.718
13_May	13_May_SF_Bin40	5.013	3.498	3.631	7.951	15.655
13_May	13_May_SF_Bin41	6.83	7.852	4.054	8.99	14.881
13_May	13_May_SF_Bin42	1.354	3.019	2.248	4.927	9.18
13_May	13_May_SF_Bin44	1.344	0.968	3.699	5.756	12.212
13_May	13_May_SF_Bin45	3.149	3.064	1.434	6.826	11.009
13_May	13_May_SF_Bin46	4.835	4.083	3.594	6.644	14.648
13_May	13_May_SF_Bin47	2.91	5.19	3.135	1.467	8.732
13_May	13_May_SF_Bin48	1.872	3.44	2.917	7.47	10.926
13_May	13_May_SF_Bin5	1.753	3.753	4.002	6.272	11.659
13_May	13_May_SF_Bin52	4.621	3.761	4.635	9.196	13.648
13_May	13_May_SF_Bin53	9.96	9.83	4.216	9.297	16.032
13_May	13_May_SF_Bin54	2.394	5.545	3.217	2.742	9.354
13_May	13_May_SF_Bin55	0.875	0.644	3.043	1.174	5.426
13_May	13_May_SF_Bin57	3.262	10.55	2.734	2.58	12.624
13_May	13_May_SF_Bin58	5.141	3.326	2.947	7.539	13.903
13_May	13_May_SF_Bin59	4.912	5.12	2.993	5.594	12.58
13_May	13_May_SF_Bin60	3.647	4.688	4.772	9.473	15.466
13_May	13_May_SF_Bin61	7.799	4.892	2.548	7.532	12.06
13_May	13_May_SF_Bin62	4.283	7.958	3.46	3.082	12.981
13_May	13_May_SF_Bin64	6.812	16.19	3.965	7.025	14.493
13_May	13_May_SF_Bin65	6.847	2.082	3.523	9.255	12.436
13_May	13_May_SF_Bin66	5.405	1.878	1.73	6.784	11.171
13_May	13_May_SF_Bin67	3.005	7.138	3.473	2.624	8.292
13_May	13_May_SF_Bin7	7.98	4.839	5.252	7.984	15.311
13_May	13_May_SF_Bin71	8.741	4.047	4.467	8.567	14.577
13_May	13_May_SF_Bin72	5.019	4.373	4.317	6.909	14.638
13_May	13_May_SF_Bin73	4.807	2.242	2.319	6.749	12.327
13_May	13_May_SF_Bin75	2.583	1.812	1.457	7.815	12.545
13_May	13_May_SF_Bin78	2.579	2.209	3.901	7.368	11.929
13_May	13_May_SF_Bin79	4.691	3.929	2.788	8.608	13.302
13_May	13_May_SF_Bin8	3.301	6.972	3.521	6.747	13.269
13_May	13_May_SF_Bin80	6.881	11.617	5.077	9.482	15.88
13_May	13_May_SF_Bin81	5.41	18.544	4.189	7.432	16.567
13_May	13_May_SF_Bin84	5.118	6.703	4.449	6.729	14.692
13_May	13_May_SF_Bin86	4.195	2.596	2.059	6.899	11.986
13_May	13_May_SF_Bin87	2.055	2.324	0.836	7.124	8.519
13_May	13_May_SF_Bin88	10.971	7.502	5.352	6.173	13.788
13_May	13_May_SF_Bin89	2.944	6.007	3.473	2.624	9.397
13_May	13_May_SF_Bin9	4.657	3.044	1.206	6.185	11.077
13_May	13_May_SF_Bin90	4.985	10.005	2.827	7.737	12.926
13_May	13_May_SF_Bin91	6.424	7.984	4.246	9.126	15.055
13_May	13_May_SF_Bin92	6.486	7.705	4.135	8.612	14.656
13_May	13_May_SF_Bin93	1.765	6.974	3.989	7.961	12.714
13_May	13_May_SF_Bin97	5.745	2.184	2.845	7.359	12.136
13_May	13_May_SF_Bin98	6.342	6.82	3.882	9.048	13.993
13_July	13_July_SF_Bin1	7.595	11.451	5.236	9.734	15.451
13_July	13_July_SF_Bin10	2.844	4.295	1.985	3.862	9.414
13_July	13_July_SF_Bin11	5.047	6.036	4.449	6.729	14.338
13_July	13_July_SF_Bin18	9.115	4.747	3.998	7.531	13.229
13_July	13_July_SF_Bin19	3.875	5.054	4.661	7.994	15.085
13_July	13_July_SF_Bin2	4.123	5.206	2.935	6.453	12.116
13_July	13_July_SF_Bin23_1	6.401	3.513	5.125	9.255	12.932
13_July	13_July_SF_Bin23_2	5.148	5.318	4.093	7.38	10.451
13_July	13_July_SF_Bin24	4.897	6.188	3.822	4.888	12.629
13_July	13_July_SF_Bin26	4.248	2.127	2.182	7.2	12.04
13_July	13_July_SF_Bin27	0.674	5.892	4.366	7.039	15.115
13_July	13_July_SF_Bin28	3.005	6.675	3.473	2.624	8.478
13_July	13_July_SF_Bin30	0.824	3.883	3.601	2.253	7.876
13_July	13_July_SF_Bin31	11.995	14.667	3.169	7.453	11.621
13_July	13_July_SF_Bin32	7.248	3.326	2.947	7.539	13.903
13_July	13_July_SF_Bin33	3.116	6.476	3.996	2.624	9.716
13_July	13_July_SF_Bin34	1.478	1.29	2.903	3.473	11.03
13_July	13_July_SF_Bin35	6.86	7.546	3.92	8.99	15.124
13_July	13_July_SF_Bin36	0.991	3.269	3.864	9.266	12.612
13_July	13_July_SF_Bin37	6.331	2.289	1.938	6.899	11.01
13_July	13_July_SF_Bin38	5.405	3.749	4.643	9.067	14.299
13_July	13_July_SF_Bin39	2.68	4.894	2.145	2.742	8.399
13_July	13_July_SF_Bin40	6.347	7.735	4.054	8.402	15.175
13_July	13_July_SF_Bin43	3.624	2.875	3.562	7.846	13.426
13_July	13_July_SF_Bin48	2.629	3.469	1.555	5.171	9.46
13_July	13_July_SF_Bin49	9.953	5.38	4.391	9.255	13.749
13_July	13_July_SF_Bin5	3.541	2.035	3.859	5.173	12.867
13_July	13_July_SF_Bin51	4.541	2.794	3.866	8.042	11.397
13_July	13_July_SF_Bin52	8.396	3.395	4.69	8.567	14.175
13_July	13_July_SF_Bin55	4.404	3.858	4.255	7.093	12.861
13_July	13_July_SF_Bin57	2.058	5.452	2.027	6.339	8.284
13_July	13_July_SF_Bin6	1.184	0.741	3.36	5.038	11.236
13_Oct	13_Oct_SF_Bin15	9.728	13.176	2.519	7.787	13.433
13_Oct	13_Oct_SF_Bin17	6.57	6.024	4.127	9.415	13.679
13_Oct	13_Oct_SF_Bin18	3.664	2.188	3.466	6.173	11.386
13_Oct	13_Oct_SF_Bin20	5.909	10.746	4.223	7.641	13.121
13_Oct	13_Oct_SF_Bin22	5.371	3.541	3.614	9.067	12.463
13_Oct	13_Oct_SF_Bin27	0.824	4.094	3.601	2.253	9.421
13_Oct	13_Oct_SF_Bin29	9.213	12.841	1.877	5.986	11.84
13_Oct	13_Oct_SF_Bin3	7.243	3.326	2.947	7.539	13.903
13_Oct	13_Oct_SF_Bin32	10.124	12.498	3.548	8.854	14.166
13_Oct	13_Oct_SF_Bin33	9.587	13.406	2.687	7.109	11.347
13_Oct	13_Oct_SF_Bin5	4.581	9.767	5.059	8.183	13.372
13_Oct	13_Oct_SF_Bin7	9.252	3.871	4.031	8.032	12.927
21_Jan	21_Jan_SF_Bin1	4.995	9.666	4.803	8.164	16.62
21_Jan	21_Jan_SF_Bin10	3.783	7.779	4.031	7.245	16.122
21_Jan	21_Jan_SF_Bin11	1.535	3.548	4.175	4.974	12.147
21_Jan	21_Jan_SF_Bin12	6.069	4.116	4.479	4.777	15.836
21_Jan	21_Jan_SF_Bin14	6.692	3.232	2.519	7.359	10.944
21_Jan	21_Jan_SF_Bin15	4.646	3.393	3.366	7.147	12.173
21_Jan	21_Jan_SF_Bin2	1.409	1.797	0.593	6.213	10.16
21_Jan	21_Jan_SF_Bin22	4.004	8.233	4.878	6.305	15.962
21_Jan	21_Jan_SF_Bin23	4.425	3.464	3.515	5.797	13.342
21_Jan	21_Jan_SF_Bin24	5.741	5.696	4.86	6.837	16.793
21_Jan	21_Jan_SF_Bin27	0.117	2.257	3.276	2.671	9.937
21_Jan	21_Jan_SF_Bin28	1.616	6.255	4.621	4.694	14.655
21_Jan	21_Jan_SF_Bin30	7.049	7.735	4.054	7.291	15.553
21_Jan	21_Jan_SF_Bin31	2.439	4.228	0.739	2.018	3.24
21_Jan	21_Jan_SF_Bin34	6.326	13.212	6.001	4.495	14.564
21_Jan	21_Jan_SF_Bin35	4.206	2.62	1.903	5.278	10.748
21_Jan	21_Jan_SF_Bin36	2.586	6.297	3.304	2.891	9.356
21_Jan	21_Jan_SF_Bin37	6.519	7.735	4.054	6.125	15.376
21_Jan	21_Jan_SF_Bin38	8.557	5.725	4.543	9.297	15.525
21_Jan	21_Jan_SF_Bin39	6.536	13.745	3.537	6.948	14.604
21_Jan	21_Jan_SF_Bin4	3.627	3.027	5.055	6.141	11.77
21_Jan	21_Jan_SF_Bin40	6.179	8.571	4.219	7.869	15.333
21_Jan	21_Jan_SF_Bin41	2.69	5.356	4.457	9.255	13.029
21_Jan	21_Jan_SF_Bin42	7.249	2.792	3.42	8.741	10.67
21_Jan	21_Jan_SF_Bin44	4.336	2.339	1.857	7.686	11.431
21_Jan	21_Jan_SF_Bin46	1.543	5.44	4.944	6.089	15.158
21_Jan	21_Jan_SF_Bin47	8.917	8.739	4.363	8.651	15.962
21_Jan	21_Jan_SF_Bin48	6.227	5.664	5.027	4.46	13.309
21_Jan	21_Jan_SF_Bin49	1.81	2.59	4.347	5.851	11.722
21_Jan	21_Jan_SF_Bin5	3.994	5.335	2.479	5.078	13.419
21_Jan	21_Jan_SF_Bin50	3.19	8.154	4.776	2.386	14.755
21_Jan	21_Jan_SF_Bin51	0.45	5.661	3.506	2.625	8.518
21_Jan	21_Jan_SF_Bin52	3.873	11.019	5.126	7.552	15.417
21_Jan	21_Jan_SF_Bin53	4.43	4.417	4.349	3.302	13.683
21_Jan	21_Jan_SF_Bin54	7.076	17.502	4.099	5.683	14.68
21_Jan	21_Jan_SF_Bin55	3.219	2.877	5.089	4.886	15.91
21_Jan	21_Jan_SF_Bin56	0.395	1.222	2.646	6.023	10.563
21_Jan	21_Jan_SF_Bin57	1.844	5.006	2.686	2.135	5.633
21_Jan	21_Jan_SF_Bin59	5.458	4.312	3.507	8.522	14.95
21_Jan	21_Jan_SF_Bin60	-0.058	1.874	3.693	4.134	13.052
21_Jan	21_Jan_SF_Bin62	7.103	2.123	1.701	5.516	12.122
21_Jan	21_Jan_SF_Bin67	4.379	10.34	3.835	2.393	13.48
21_Jan	21_Jan_SF_Bin68	5.152	5.349	3.28	6.849	13.014
21_Jan	21_Jan_SF_Bin69	7.135	8.962	0.611	8.122	3.408
21_Jan	21_Jan_SF_Bin71	4.435	13.68	3.498	6.636	13.628
21_Jan	21_Jan_SF_Bin72	0.441	3.585	4.192	4.672	10.575
21_Jan	21_Jan_SF_Bin73	0.617	2.536	3.62	4.19	13.471
21_Jan	21_Jan_SF_Bin74	2.592	1.596	2.586	5.521	11.781
21_Jan	21_Jan_SF_Bin8	7.039	2.254	1.169	3.475	10.669
21_Jan	21_Jan_SF_Bin9	4.501	2.368	3.642	5.859	15.931
21_July	21_July_SF_Bin1	10.473	12.733	3.639	8.854	14.198
21_July	21_July_SF_Bin10	6.105	4.455	3.788	8.805	13.169
21_July	21_July_SF_Bin12	2.009	5.857	2.128	2.135	9.239
21_July	21_July_SF_Bin13	8.271	5.253	4.384	9.297	14.668
21_July	21_July_SF_Bin14	2.587	4.446	2.985	6.153	10.733
21_July	21_July_SF_Bin16	8.102	12.462	0.886	5.491	9.984
21_July	21_July_SF_Bin19	4.255	2.617	3.126	5.691	11.113
21_July	21_July_SF_Bin2	10.168	11.616	2.186	5.517	10.279
21_July	21_July_SF_Bin22	3.418	3.105	2.883	9.186	10.746
21_July	21_July_SF_Bin24	2.912	6.689	2.48	2.135	8.057
21_July	21_July_SF_Bin26	2.902	6.323	3.272	2.506	8.328
21_May	21_May_SF_Bin10	0.638	3.417	2.151	4.383	9.221
21_May	21_May_SF_Bin2	3.584	1.331	1.567	6.041	10.545
21_May	21_May_SF_Bin20	8.556	10.993	2.011	6.326	12.093
21_May	21_May_SF_Bin21	6.093	6.025	4.543	9.196	14.588
21_May	21_May_SF_Bin22	4.843	8.701	4.912	8.249	14.682
21_May	21_May_SF_Bin23	2.035	6.591	3.437	5.901	12.337
21_May	21_May_SF_Bin25	8.913	3.173	1.896	7.255	12.026
21_May	21_May_SF_Bin26	5.698	4.471	3.948	8.805	13.704
21_May	21_May_SF_Bin27	10.136	14.662	4.492	6.854	12.991
21_May	21_May_SF_Bin28	2.239	4.56	3.349	1.697	8.858
21_May	21_May_SF_Bin30	9.238	13.484	1.985	6.873	11.477
21_May	21_May_SF_Bin32	10.069	15.997	3.083	6.86	12.763
21_May	21_May_SF_Bin33	7.399	7.978	4.003	8.082	14.433
21_May	21_May_SF_Bin35	4.991	4.161	2.222	6.549	13.561
21_May	21_May_SF_Bin39	7.011	5.275	4.081	9.297	13.813
21_May	21_May_SF_Bin40	2.336	4.747	3.902	2.891	8.227
21_May	21_May_SF_Bin41	2.222	5.857	2.128	0.31	8.518
21_May	21_May_SF_Bin5	4.51	5.583	3.114	8.32	12.96
21_May	21_May_SF_Bin9	10.124	12.75	3.591	8.854	13.754
21_Oct	21_Oct_SF_Bin11	1.445	5.71	4.944	7.527	15.158
21_Oct	21_Oct_SF_Bin13	1.764	3.973	3.154	8.923	13.361
21_Oct	21_Oct_SF_Bin14	7.954	15.983	2.875	9.222	14.008
21_Oct	21_Oct_SF_Bin16	2.058	4.86	3.899	3.191	10.709
21_Oct	21_Oct_SF_Bin17	9.963	11.227	3.639	8.854	13.347
21_Oct	21_Oct_SF_Bin18	9.463	10.297	1.985	7.093	11.299
21_Oct	21_Oct_SF_Bin2	7.053	5.474	4.731	7.74	11.797
21_Oct	21_Oct_SF_Bin23	6.474	6.936	3.334	5.784	14.536
21_Oct	21_Oct_SF_Bin24	9.62	11.337	3.036	6.05	13.187
21_Oct	21_Oct_SF_Bin25	-0.54	2.427	3.74	2.304	6.267
21_Oct	21_Oct_SF_Bin27	2.965	6.152	4.09	2.742	9.209
21_Oct	21_Oct_SF_Bin28	7.46	3.503	3.967	7.286	11.709
21_Oct	21_Oct_SF_Bin29	7.011	5.313	3.941	9.297	12.737
24_Jan	24_Jan_SF_Bin10	8.716	13.255	3.551	8.056	13.476
24_Jan	24_Jan_SF_Bin12	8.231	14.101	1.92	8.16	12.819
24_Jan	24_Jan_SF_Bin13	10.04	15.226	3.065	6.993	11.389
24_Jan	24_Jan_SF_Bin14	8.976	4.342	3.186	9.342	11.638
24_Jan	24_Jan_SF_Bin17	9.996	15.344	2.519	6.27	13.433
24_Jan	24_Jan_SF_Bin20	6.838	9.605	1.622	5.024	7.481
24_Jan	24_Jan_SF_Bin23	6.962	7.02	3.438	7.989	15.353
24_Jan	24_Jan_SF_Bin3	7.531	5.911	1.716	5.649	11.391
24_Jan	24_Jan_SF_Bin5	3.92	2.16	1.628	6.98	10.53
24_Jan	24_Jan_SF_Bin6	9.453	11.643	4.492	9.266	13.159
24_Jan	24_Jan_SF_Bin7	7.011	5.211	4.035	9.297	13.82
24_Jan	24_Jan_SF_Bin9	4.229	3.806	1.707	6.01	12.652
24_July	24_July_SF_Bin1	5.849	7.55	4.239	8	13.338
24_July	24_July_SF_Bin11	5.842	4.144	4.097	6.909	13.03
24_July	24_July_SF_Bin12	10.221	12.949	1.906	5.862	11.81
24_July	24_July_SF_Bin15	4.055	3.394	2.45	8.966	12.361
24_July	24_July_SF_Bin17	4.842	7.996	4.459	7.898	16.096
24_July	24_July_SF_Bin19	5.614	4.894	3.373	6.861	12.67
24_July	24_July_SF_Bin2	4.4	5.968	3.066	9.695	13.25
24_July	24_July_SF_Bin20	8.711	11.057	3.267	7.766	11.777
24_July	24_July_SF_Bin5	3.92	2.16	1.628	6.98	10.53
24_May	24_May_SF_Bin1	4.185	5.61	2.645	9.429	12.53
24_May	24_May_SF_Bin10	6.305	7.164	4.107	6.534	14.316
24_May	24_May_SF_Bin18	10.633	8.033	4.463	8.984	13.392
24_May	24_May_SF_Bin19	9.494	10.453	3.979	7.264	12.094
24_May	24_May_SF_Bin26	6.045	6.925	3.402	7.899	11.687
24_May	24_May_SF_Bin27	5.821	4.477	1.615	7.675	11.803
24_May	24_May_SF_Bin28	4.453	1.826	2.266	5.832	12.714
24_May	24_May_SF_Bin29	10.752	3.414	3.776	5.039	11.957
24_May	24_May_SF_Bin32	9.402	10.358	1.996	5.48	11.014
24_May	24_May_SF_Bin33	9.827	8.87	2.047	6.634	10.421
24_May	24_May_SF_Bin4	5.499	7.563	4.337	8.207	13.813
24_May	24_May_SF_Bin5	5.374	3.601	3.986	1.093	11.32
24_Oct	24_Oct_SF_Bin1	9.443	12.762	2.608	6.611	13.087
24_Oct	24_Oct_SF_Bin10	2.547	5.786	3.641	4.889	12.002
24_Oct	24_Oct_SF_Bin18	1.324	2.118	1.198	2.539	3.758
24_Oct	24_Oct_SF_Bin19	9.079	8.727	4.236	8.302	16.547
24_Oct	24_Oct_SF_Bin20	4.825	11.658	5.315	7.002	13.111
24_Oct	24_Oct_SF_Bin22	6.949	4.591	4.019	9.297	14.001
24_Oct	24_Oct_SF_Bin23	4.624	4.873	3.322	7.937	12.486
24_Oct	24_Oct_SF_Bin25	1.97	3.882	2.848	8.663	13.347
24_Oct	24_Oct_SF_Bin26	4.399	5.042	2.534	8.373	13.518
24_Oct	24_Oct_SF_Bin27	9.321	10.736	1.942	7.225	10.042
24_Oct	24_Oct_SF_Bin28	4.319	6.026	3.073	9.886	13.617
24_Oct	24_Oct_SF_Bin30	3.325	3.579	3.685	7.112	12.276
24_Oct	24_Oct_SF_Bin31	4.869	6.92	5.377	9.598	12.739
24_Oct	24_Oct_SF_Bin33	8.808	14.945	3.851	9.266	13.13
24_Oct	24_Oct_SF_Bin38	8.538	15.643	2.983	8.056	12.815
24_Oct	24_Oct_SF_Bin4	1.939	2.91	3.778	5.213	11.279
24_Oct	24_Oct_SF_Bin43	6.295	4.623	2.985	8.865	13.861
24_Oct	24_Oct_SF_Bin7	10.292	4.836	4.016	9.423	14.915
24_Oct	24_Oct_SF_Bin8	3.355	2.789	1.186	5.953	9.578
24_Oct	24_Oct_SF_Bin9	4.814	7.731	4.981	8.249	14.321
4_1_Jan	4_1_Jan_SF_Bin11	3.027	5.275	2.488	7.312	12.882
4_1_Jan	4_1_Jan_SF_Bin13	10.02	9.723	0.956	7.255	10.765
4_1_Jan	4_1_Jan_SF_Bin14	4.304	0.588	2.502	7.428	10.987
4_1_Jan	4_1_Jan_SF_Bin16	6.055	9.381	3.855	9.185	12.719
4_1_Jan	4_1_Jan_SF_Bin18	4.134	1.831	1.838	3.682	12.136
4_1_Jan	4_1_Jan_SF_Bin19	4.754	3.512	1.859	7.179	11.103
4_1_Jan	4_1_Jan_SF_Bin21	2.104	1.385	2.461	6.041	10.126
4_1_Jan	4_1_Jan_SF_Bin24	-0.552	4.693	2.805	4.282	12.741
4_1_Jan	4_1_Jan_SF_Bin26	4.63	5.047	3.465	8.905	14.709
4_1_Jan	4_1_Jan_SF_Bin27	3.832	6.096	4.394	6.438	15.815
4_1_Jan	4_1_Jan_SF_Bin28	4.05	13.287	6.26	7.056	15.215
4_1_Jan	4_1_Jan_SF_Bin31	6.847	5.827	2.057	7.255	10.973
4_1_Jan	4_1_Jan_SF_Bin32	5.053	3.354	2.829	9.255	13.735
4_1_Jan	4_1_Jan_SF_Bin33	8.498	5.098	4.22	9.045	14.92
4_1_Jan	4_1_Jan_SF_Bin34	3.507	10.108	4.872	8.919	15.159
4_1_Jan	4_1_Jan_SF_Bin35	8.609	3.477	3.296	7.674	12.892
4_1_Jan	4_1_Jan_SF_Bin36	0.819	1.969	2.373	3.706	8.73
4_1_Jan	4_1_Jan_SF_Bin38	3.691	13.493	-0.115	1.305	6.958
4_1_Jan	4_1_Jan_SF_Bin4	4.174	5.077	4.694	9.253	15.002
4_1_Jan	4_1_Jan_SF_Bin40	8.459	4.881	5.026	8.723	14.781
4_1_Jan	4_1_Jan_SF_Bin41	5.191	5.119	4.766	6.998	15.146
4_1_Jan	4_1_Jan_SF_Bin42	5.307	5.704	4.163	6.705	15.214
4_1_Jan	4_1_Jan_SF_Bin43	2.892	9.079	1.377	8.795	12.493
4_1_Jan	4_1_Jan_SF_Bin44	2.168	3.496	4.236	4.874	14.216
4_1_Jan	4_1_Jan_SF_Bin49	1.894	9.138	2.938	3.122	13.583
4_1_Jan	4_1_Jan_SF_Bin51	4.22	6.271	4.11	5.474	11.961
4_1_Jan	4_1_Jan_SF_Bin53	5.322	5.822	4.389	5.497	15.741
4_1_Jan	4_1_Jan_SF_Bin54	8.369	5.082	5.166	8.635	16.052
4_1_Jan	4_1_Jan_SF_Bin55	1.234	6.983	4.758	3.62	13.473
4_1_Jan	4_1_Jan_SF_Bin56	4.224	3.601	3.997	7.476	13.879
4_1_Jan	4_1_Jan_SF_Bin57	4.84	6.877	2.53	6.616	13.136
4_1_Jan	4_1_Jan_SF_Bin58	3.852	7.334	4.957	3.371	14.964
4_1_Jan	4_1_Jan_SF_Bin59	3.532	7.799	3.642	2.9	12.671
4_1_Jan	4_1_Jan_SF_Bin60	3.409	6.111	4.964	9.146	15.061
4_1_Jan	4_1_Jan_SF_Bin61	3.532	5.81	4.027	2.841	13.062
4_1_Jan	4_1_Jan_SF_Bin63	4.336	5.344	4.603	5.285	13.942
4_1_Jan	4_1_Jan_SF_Bin64	7.016	3.88	2.381	5.581	11.047
4_1_Jan	4_1_Jan_SF_Bin65	4.855	14.645	2.578	5.981	12.354
4_1_Jan	4_1_Jan_SF_Bin67	2.287	5.054	4.877	9.375	15.792
4_1_Jan	4_1_Jan_SF_Bin7	2.828	6.962	3.873	3.431	13.461
4_1_Jan	4_1_Jan_SF_Bin8	2.978	1.661	2.537	8.177	11.224
4_1_July	4_1_July_SF_Bin1	6.331	11.477	1.129	4.23	10.894
4_1_July	4_1_July_SF_Bin12	7.758	2.881	3.001	5.763	10.633
4_1_July	4_1_July_SF_Bin14	6.117	11.25	1.905	6.089	10.895
4_1_July	4_1_July_SF_Bin17	3.251	2.058	1.815	7.471	10.918
4_1_July	4_1_July_SF_Bin20	9.895	12.624	5.337	8.635	14.491
4_1_July	4_1_July_SF_Bin22	4.085	4.08	4.265	3.443	12.044
4_1_July	4_1_July_SF_Bin24	4.459	5.239	3.864	5.072	11.54
4_1_July	4_1_July_SF_Bin25	9.089	5.383	4.68	7.827	12.3
4_1_July	4_1_July_SF_Bin26	8.671	7.677	1.293	0.7	6.973
4_1_July	4_1_July_SF_Bin28	8.938	6.871	4.586	9.803	14.234
4_1_July	4_1_July_SF_Bin29	6.364	5.797	2.464	-0.043	9.104
4_1_July	4_1_July_SF_Bin3	8.1	18.93	3.699	7.551	12.283
4_1_July	4_1_July_SF_Bin30	6.089	4.2	-0.19	6.577	8.446
4_1_July	4_1_July_SF_Bin31	3.748	5.813	6.362	7.389	13.852
4_1_July	4_1_July_SF_Bin33	8.566	9.587	1.42	7.169	11.627
4_1_July	4_1_July_SF_Bin34	3.037	6.091	2.382	5.505	9.182
4_1_July	4_1_July_SF_Bin35	4.512	14.081	0.092	4.793	9.071
4_1_July	4_1_July_SF_Bin37	5.23	27.919	-0.198	1.349	8.231
4_1_July	4_1_July_SF_Bin39	4.984	8.668	0.297	1.116	6.845
4_1_July	4_1_July_SF_Bin41	5.264	19.824	-0.027	0.628	5.015
4_1_July	4_1_July_SF_Bin42	6.048	4.174	0.727	5.286	9.504
4_1_July	4_1_July_SF_Bin43	10.255	9.04	5.067	4.374	11.259
4_1_July	4_1_July_SF_Bin45	6.989	6.714	3.956	7.555	13.491
4_1_July	4_1_July_SF_Bin46	4.263	2.891	3.657	4.207	12.298
4_1_July	4_1_July_SF_Bin47	9.562	14.593	4.861	5.177	14.3
4_1_July	4_1_July_SF_Bin48	5.334	6.072	4.647	6.904	14.025
4_1_July	4_1_July_SF_Bin49	2.375	4.196	2.746	6.278	10.065
4_1_July	4_1_July_SF_Bin50	5.419	5.364	4.163	6.516	15.214
4_1_July	4_1_July_SF_Bin51	3.336	5.283	3.85	5.841	13.61
4_1_July	4_1_July_SF_Bin52	6.334	16.456	3.429	4.74	10.063
4_1_July	4_1_July_SF_Bin53	5.375	5.831	4.277	6.438	15.621
4_1_July	4_1_July_SF_Bin54	5.261	4.524	1.15	3.783	6.942
4_1_July	4_1_July_SF_Bin55	6.222	11.747	1.631	8.182	12.689
4_1_July	4_1_July_SF_Bin56	3.743	3.889	3.959	7.389	13.469
4_1_July	4_1_July_SF_Bin57	4.645	15.145	-0.308	1.609	7.12
4_1_July	4_1_July_SF_Bin6	6.702	4.311	3.267	8.908	12.691
4_1_July	4_1_July_SF_Bin60	10.439	14.15	3.715	6.749	12.597
4_1_July	4_1_July_SF_Bin61	3.4	4.2	0.079	5.788	7.736
4_1_July	4_1_July_SF_Bin62	4.068	15.063	-0.547	1.798	7.422
4_1_July	4_1_July_SF_Bin64	0.339	-0.363	-0.101	0.03	0.136
4_1_July	4_1_July_SF_Bin9	8.229	3.578	3.091	4.33	13.871
4_1_May	4_1_May_SF_Bin1	2.9	7.05	3.514	3.371	13.738
4_1_May	4_1_May_SF_Bin10	1.645	3.496	4.236	4.654	14.216
4_1_May	4_1_May_SF_Bin11	2.295	3.374	4.054	5.001	12.697
4_1_May	4_1_May_SF_Bin13	8.388	4.507	3.509	5.677	10.5
4_1_May	4_1_May_SF_Bin14	3.876	15.778	-0.279	1.453	7.81
4_1_May	4_1_May_SF_Bin26	10.366	5.777	4.158	4.429	11.783
4_1_May	4_1_May_SF_Bin28	0.768	4.564	2.386	5.463	11.866
4_1_May	4_1_May_SF_Bin29	4.463	12.527	-0.726	1.798	6.48
4_1_May	4_1_May_SF_Bin30	9.13	5.026	4.298	9.045	15.137
4_1_May	4_1_May_SF_Bin31	4.753	13.989	2.855	5.654	13.174
4_1_May	4_1_May_SF_Bin33	4.396	5.599	5.411	5.474	8.884
4_1_May	4_1_May_SF_Bin34	2.368	4.526	1.984	7.699	13.437
4_1_May	4_1_May_SF_Bin35	4.882	5.378	3.488	8.972	14.717
4_1_May	4_1_May_SF_Bin36	5.293	5.855	4.151	5.396	15.431
4_1_May	4_1_May_SF_Bin38	4.438	3.814	2.477	6.705	12.071
4_1_May	4_1_May_SF_Bin4	10.1	12.482	4.583	4.491	10.316
4_1_May	4_1_May_SF_Bin43	3.39	7.152	4.39	9.215	15.665
4_1_May	4_1_May_SF_Bin44	6.148	3.99	3.262	9.255	14.024
4_1_May	4_1_May_SF_Bin47	2.86	6.874	3.425	3.431	13.508
4_1_May	4_1_May_SF_Bin49	5.62	4.369	4.633	7.227	15.974
4_1_May	4_1_May_SF_Bin50	0.778	6.309	5.051	2.871	14.229
4_1_May	4_1_May_SF_Bin51	3.4	1.438	2.367	5.887	9.582
4_1_May	4_1_May_SF_Bin52	4.255	3.621	2.862	3.618	12.682
4_1_May	4_1_May_SF_Bin53	5.398	5.364	4.163	6.516	15.214
4_1_May	4_1_May_SF_Bin54	4.93	1.757	2.246	3.284	12.199
4_1_May	4_1_May_SF_Bin55	4.239	1.653	1.48	3.751	12.384
4_1_May	4_1_May_SF_Bin56	4.754	3.512	1.859	7.179	11.513
4_1_May	4_1_May_SF_Bin57	10.202	12.687	4.437	5.476	11.573
4_1_May	4_1_May_SF_Bin58	10.195	11.961	4.606	6.466	11.837
4_1_May	4_1_May_SF_Bin59	5.487	5.451	4.3	6.438	15.489
4_1_May	4_1_May_SF_Bin6	4.191	4.802	2.203	5.723	13.643
4_1_May	4_1_May_SF_Bin62	4.401	4.636	2.554	2.629	11.602
4_1_May	4_1_May_SF_Bin63	5.191	5.119	4.766	6.778	14.715
4_1_May	4_1_May_SF_Bin64	2.631	2.077	0.486	-0.088	1.834
4_1_May	4_1_May_SF_Bin65	7.531	4.65	5.13	8.474	15.723
4_1_May	4_1_May_SF_Bin66	3.259	9.744	3.448	4.98	13.258
4_1_May	4_1_May_SF_Bin67	2.562	6.599	4.926	9.031	14.782
4_1_May	4_1_May_SF_Bin68	3.025	3.579	1.737	6.535	11.417
4_1_May	4_1_May_SF_Bin69	-0.529	2.409	4.033	3.436	13.99
4_1_May	4_1_May_SF_Bin72	3.246	8.825	4.768	8.919	15.341
4_1_May	4_1_May_SF_Bin74	2.087	5.465	4.931	9.375	15.871
4_1_May	4_1_May_SF_Bin75	7.189	5.446	4.321	7.181	13.67
4_1_May	4_1_May_SF_Bin9	8.414	9.542	3.706	4.984	9.927
4_1_Oct	4_1_Oct_SF_Bin11	3.31	4.478	3.109	5.428	11.378
4_1_Oct	4_1_Oct_SF_Bin12	4.245	10.045	2.889	7.737	12.313
4_1_Oct	4_1_Oct_SF_Bin14	5.932	1.793	1.838	3.433	12.038
4_1_Oct	4_1_Oct_SF_Bin16	8.34	4.658	4.221	9.095	14.205
4_1_Oct	4_1_Oct_SF_Bin17	0.936	5.761	3.323	3.431	13.717
4_1_Oct	4_1_Oct_SF_Bin18	3.322	11.922	3.079	5.66	12.929
4_1_Oct	4_1_Oct_SF_Bin19	2.123	4.772	2.866	1.941	12.728
4_1_Oct	4_1_Oct_SF_Bin2	-0.89	3.543	3.9	1.611	13.137
4_1_Oct	4_1_Oct_SF_Bin20	1.771	5.531	3.066	3.097	13.438
4_1_Oct	4_1_Oct_SF_Bin21	1.854	0.588	1.462	5.287	7.654
4_1_Oct	4_1_Oct_SF_Bin22	4.63	5.82	3.921	9.154	15.006
4_1_Oct	4_1_Oct_SF_Bin23	5.375	6.066	4.308	6.438	15.815
4_1_Oct	4_1_Oct_SF_Bin24	3.038	5.495	4.931	9.375	15.492
4_1_Oct	4_1_Oct_SF_Bin26	5.888	6.142	4.444	5.051	14.207
4_1_Oct	4_1_Oct_SF_Bin27	8.056	4.634	5.088	8.474	15.916
4_1_Oct	4_1_Oct_SF_Bin28	7.987	4.867	4.139	9.123	15.137
4_1_Oct	4_1_Oct_SF_Bin29	4.161	3.599	3.997	6.05	13.879
4_1_Oct	4_1_Oct_SF_Bin30	5.419	5.364	4.163	6.516	15.214
4_1_Oct	4_1_Oct_SF_Bin31	4.261	13.016	7.097	7.004	15.156
4_1_Oct	4_1_Oct_SF_Bin32	0.68	3.131	2.397	2.86	11.256
4_1_Oct	4_1_Oct_SF_Bin33	3.284	3.706	2.572	6.277	11.064
4_1_Oct	4_1_Oct_SF_Bin34	2.957	5.691	4.308	6.496	14.764
4_1_Oct	4_1_Oct_SF_Bin38	0.923	1.897	2.545	5.493	10.687
4_1_Oct	4_1_Oct_SF_Bin4	2.951	5.061	2.997	7.806	13.789
4_1_Oct	4_1_Oct_SF_Bin40	7.294	4.459	4.536	6.438	14.837
4_1_Oct	4_1_Oct_SF_Bin41	2.168	3.496	4.236	4.654	14.216
4_1_Oct	4_1_Oct_SF_Bin42	3.438	7.338	4.797	9.215	15.483
4_1_Oct	4_1_Oct_SF_Bin43	2.37	4.149	3.148	9.215	14.189
4_1_Oct	4_1_Oct_SF_Bin44	10.217	4.211	3.201	7.328	13.465
4_1_Oct	4_1_Oct_SF_Bin45	4.872	7.473	0.898	5.693	11.834
4_1_Oct	4_1_Oct_SF_Bin49	5.532	3.011	2.267	3.376	10.981
4_1_Oct	4_1_Oct_SF_Bin50	6.086	4.069	3.262	9.255	14.024
4_1_Oct	4_1_Oct_SF_Bin51	6.194	4.734	4.209	9.332	14.016
4_1_Oct	4_1_Oct_SF_Bin52	5.24	5.179	4.219	5.396	14.695
4_1_Oct	4_1_Oct_SF_Bin54	5.107	3.512	1.859	7.179	11.513
4_1_Oct	4_1_Oct_SF_Bin55	3.371	10.392	4.873	8.919	15.216
4_1_Oct	4_1_Oct_SF_Bin8	4.36	4.87	4.926	4.842	13.925
4_1_Oct	4_1_Oct_SF_Bin9	4.033	6.147	3.38	5.474	14.817
8_1_Jan	8_1_Jan_SF_Bin1	11.597	6.404	3.394	6.89	13.721
8_1_Jan	8_1_Jan_SF_Bin100	9.43	2.556	2.687	5.671	10.719
8_1_Jan	8_1_Jan_SF_Bin101	3.926	19.729	0.652	0.011	7.86
8_1_Jan	8_1_Jan_SF_Bin103	10.014	5.692	5.019	6.643	14.885
8_1_Jan	8_1_Jan_SF_Bin105	7.4	4.336	5.823	8.624	16.491
8_1_Jan	8_1_Jan_SF_Bin107	4.799	4.187	4.98	7.207	14.09
8_1_Jan	8_1_Jan_SF_Bin108	3.94	12.439	0.441	1.305	4.397
8_1_Jan	8_1_Jan_SF_Bin12	6.038	27.778	0.614	2.851	9.703
8_1_Jan	8_1_Jan_SF_Bin13	9.454	11.604	2.237	7.648	12.307
8_1_Jan	8_1_Jan_SF_Bin14	2.647	3.247	-0.189	0.784	4.868
8_1_Jan	8_1_Jan_SF_Bin17	5.856	4.183	3.581	6.127	14.5
8_1_Jan	8_1_Jan_SF_Bin18	8.891	4.15	5.011	6.024	12.627
8_1_Jan	8_1_Jan_SF_Bin19	9.3	4.904	4.51	7.933	13.982
8_1_Jan	8_1_Jan_SF_Bin23	10.306	5.101	4.991	7.494	15.607
8_1_Jan	8_1_Jan_SF_Bin27	7.481	4.089	4.153	7.19	14.685
8_1_Jan	8_1_Jan_SF_Bin3_1	5.52	1.792	3.61	5.687	13.339
8_1_Jan	8_1_Jan_SF_Bin31	3.765	16.38	4.11	4.447	13.588
8_1_Jan	8_1_Jan_SF_Bin32	4.147	22.948	-0.311	1.584	7.89
8_1_Jan	8_1_Jan_SF_Bin33	6.121	5.285	4.683	6.536	11.487
8_1_Jan	8_1_Jan_SF_Bin34	3.611	4.983	2.345	6.118	11.844
8_1_Jan	8_1_Jan_SF_Bin35	8.601	12.762	0.818	6.747	11.304
8_1_Jan	8_1_Jan_SF_Bin36	5.068	27.051	-0.094	1.306	7.958
8_1_Jan	8_1_Jan_SF_Bin39	7.272	3.169	5.452	7.441	15.222
8_1_Jan	8_1_Jan_SF_Bin4	3.516	5.708	3.28	5.363	11.302
8_1_Jan	8_1_Jan_SF_Bin40	3.629	4.52	2.832	4.705	12.61
8_1_Jan	8_1_Jan_SF_Bin41	4.676	10.799	0.241	0.873	7.832
8_1_Jan	8_1_Jan_SF_Bin42	4.418	4.88	3.57	6.614	13.542
8_1_Jan	8_1_Jan_SF_Bin44	7.099	3.166	4.722	2.318	12.803
8_1_Jan	8_1_Jan_SF_Bin45	0.662	2.98	2.091	0.661	7.263
8_1_Jan	8_1_Jan_SF_Bin46	5.615	30.023	0.01	1.091	4.913
8_1_Jan	8_1_Jan_SF_Bin48	4.739	25.766	0.123	1.335	8.881
8_1_Jan	8_1_Jan_SF_Bin49	8.1	8.554	1.063	6.56	9.953
8_1_Jan	8_1_Jan_SF_Bin50	5.441	12.84	0.38	0.26	5.256
8_1_Jan	8_1_Jan_SF_Bin51	5.837	6.435	3.986	5.423	12.054
8_1_Jan	8_1_Jan_SF_Bin52	5.397	27.376	0.069	1.335	8.217
8_1_Jan	8_1_Jan_SF_Bin53	5.982	5.094	4.729	8.023	12.123
8_1_Jan	8_1_Jan_SF_Bin54	7.28	3.308	4.582	7.162	15.437
8_1_Jan	8_1_Jan_SF_Bin55	5.233	22.05	0.353	1.34	8.339
8_1_Jan	8_1_Jan_SF_Bin56	11.405	5.838	4.814	7.63	14.119
8_1_Jan	8_1_Jan_SF_Bin58	3.934	1.141	1.806	1.857	9.757
8_1_Jan	8_1_Jan_SF_Bin59	3.709	4.721	3.16	0.681	7.915
8_1_Jan	8_1_Jan_SF_Bin6	2.558	2.674	2.82	3.975	9.982
8_1_Jan	8_1_Jan_SF_Bin60	4.789	5.917	3.348	7.716	12.869
8_1_Jan	8_1_Jan_SF_Bin62	5.547	11.905	0.118	1.335	6.965
8_1_Jan	8_1_Jan_SF_Bin63	7.274	3.376	4.779	7.102	14.793
8_1_Jan	8_1_Jan_SF_Bin65	7.292	3.401	4.787	8.562	16.192
8_1_Jan	8_1_Jan_SF_Bin66	2.781	5.783	3.657	1.87	9.521
8_1_Jan	8_1_Jan_SF_Bin67	2.906	6.96	4.195	2.624	9.39
8_1_Jan	8_1_Jan_SF_Bin68	5.125	5.92	3.776	5.254	13.67
8_1_Jan	8_1_Jan_SF_Bin71	5.974	27.522	0.652	1.002	8.744
8_1_Jan	8_1_Jan_SF_Bin73	1.526	3.787	2.453	3.593	11.856
8_1_Jan	8_1_Jan_SF_Bin74	5.557	29.796	-0.143	0.753	8.171
8_1_Jan	8_1_Jan_SF_Bin75	8.068	4.662	4.37	8.462	12.216
8_1_Jan	8_1_Jan_SF_Bin77	3.723	2.571	1.94	7.972	11.339
8_1_Jan	8_1_Jan_SF_Bin79	2.767	8.806	0.758	1.089	2.812
8_1_Jan	8_1_Jan_SF_Bin80	-0.463	0.319	0.424	-0.219	0.938
8_1_Jan	8_1_Jan_SF_Bin81	5.084	30.719	1.981	0.464	8.523
8_1_Jan	8_1_Jan_SF_Bin82	8.027	4.197	4.34	7.102	15.816
8_1_Jan	8_1_Jan_SF_Bin85	4.586	5.568	3.157	8.763	13.091
8_1_Jan	8_1_Jan_SF_Bin86	2.125	4.76	3.644	6.466	12.624
8_1_Jan	8_1_Jan_SF_Bin88	2.8	4.489	4.409	4.465	13.48
8_1_Jan	8_1_Jan_SF_Bin89	2.22	2.072	2.354	5.7	11.833
8_1_Jan	8_1_Jan_SF_Bin9	8.41	16.667	4.297	7.934	13.095
8_1_Jan	8_1_Jan_SF_Bin93	0.711	2.351	3.294	7.181	13.248
8_1_Jan	8_1_Jan_SF_Bin95	4.396	4.187	3.905	5.954	12.734
8_1_Jan	8_1_Jan_SF_Bin96	4.383	30.214	0.744	0.842	7.909
8_1_Jan	8_1_Jan_SF_Bin98	6.427	1.828	4.619	7.731	12.772
8_1_July	8_1_July_SF_Bin11	7.666	8.509	4.809	9.413	12.916
8_1_July	8_1_July_SF_Bin13	10.757	7.937	4.612	7.521	12.254
8_1_July	8_1_July_SF_Bin20	10.781	13.581	3.982	5.798	11.189
8_1_July	8_1_July_SF_Bin21	7.17	6.714	3.956	6.195	13.491
8_1_July	8_1_July_SF_Bin24	6.149	13.88	4.701	8.066	14.465
8_1_July	8_1_July_SF_Bin25	-0.166	0.504	0.559	0.762	1.111
8_1_July	8_1_July_SF_Bin26	8.567	4.831	3.312	5.194	13.701
8_1_July	8_1_July_SF_Bin3	7.967	5.201	4.208	7.965	14.515
8_1_July	8_1_July_SF_Bin31	2.767	4.411	4.871	3.109	14.559
8_1_July	8_1_July_SF_Bin32	4.686	3.771	4.63	8.307	13.999
8_1_July	8_1_July_SF_Bin33	4.625	19.133	-0.25	0.811	4.887
8_1_July	8_1_July_SF_Bin34	9.29	12.157	4.171	8.791	12.655
8_1_July	8_1_July_SF_Bin35	2.881	5.796	3.473	2.624	8.824
8_1_July	8_1_July_SF_Bin36	7.248	3.326	2.947	7.539	13.469
8_1_July	8_1_July_SF_Bin37	0.028	2.723	2.725	5.122	12.384
8_1_July	8_1_July_SF_Bin39	8.762	4.047	4.467	8.567	14.01
8_1_July	8_1_July_SF_Bin40	5.354	4.26	4.328	7.837	14.675
8_1_July	8_1_July_SF_Bin41	5.785	4.888	5.687	5.429	13.017
8_1_July	8_1_July_SF_Bin42	6.585	29.643	0.626	0.842	4.537
8_1_July	8_1_July_SF_Bin45	5.191	5.394	4.774	6.998	15.882
8_1_July	8_1_July_SF_Bin46	4.124	2.536	2.924	9.253	12.151
8_1_July	8_1_July_SF_Bin47	1.781	3.744	2.797	3.344	12.38
8_1_July	8_1_July_SF_Bin48	8.885	18.287	4.238	8.342	14.029
8_1_July	8_1_July_SF_Bin50	6.557	4.958	1.613	6.495	11.133
8_1_July	8_1_July_SF_Bin52	2.47	6.478	3.495	2.78	13.141
8_1_July	8_1_July_SF_Bin54	8.549	3.023	3.504	9.233	15.358
8_1_July	8_1_July_SF_Bin55	9.444	5.384	4.933	6.802	15.597
8_1_July	8_1_July_SF_Bin57	10.449	4.488	4.18	7.584	12.472
8_1_July	8_1_July_SF_Bin58	4.498	13.13	1.683	7.737	11.616
8_1_July	8_1_July_SF_Bin59	2.713	5.617	3.473	2.624	9.397
8_1_July	8_1_July_SF_Bin60	4.531	5.404	2.385	4.308	12.034
8_1_July	8_1_July_SF_Bin61	4.063	6.279	3.916	5.285	12.921
8_1_July	8_1_July_SF_Bin62	5.307	3.645	5.03	7.635	14.266
8_1_July	8_1_July_SF_Bin63	4.536	5.703	3.856	5.254	13.719
8_1_July	8_1_July_SF_Bin64	3.859	3.378	1.183	7.686	10.423
8_1_July	8_1_July_SF_Bin65	3.223	7.038	4.649	7.869	13.305
8_1_July	8_1_July_SF_Bin66	9.815	4.879	4.119	8.99	14.878
8_1_July	8_1_July_SF_Bin68	3.585	8.875	5.055	6.248	11.477
8_1_July	8_1_July_SF_Bin69	5.895	6.28	3.702	9.255	14.901
8_1_July	8_1_July_SF_Bin7	0.39	2.921	1.82	6.632	11.238
8_1_July	8_1_July_SF_Bin70	7.44	3.207	3.718	7.385	9.898
8_1_July	8_1_July_SF_Bin71	4.256	5.287	3.371	6.077	12.96
8_1_July	8_1_July_SF_Bin73	5.72	26.448	0.265	0.509	6.987
8_1_July	8_1_July_SF_Bin8	1.52	1.139	1.358	6.026	8.132
8_1_May	8_1_May_SF_Bin10	2.806	4.951	3.013	1.917	8.874
8_1_May	8_1_May_SF_Bin11	9.477	19.693	4.168	8.405	13.535
8_1_May	8_1_May_SF_Bin12	7.448	4.239	4.889	7.264	16.31
8_1_May	8_1_May_SF_Bin13	5.29	1.788	2.269	1.857	8.909
8_1_May	8_1_May_SF_Bin16	2.508	5.016	3.996	5.585	13.445
8_1_May	8_1_May_SF_Bin17	8.237	17.652	4.099	8.342	13.403
8_1_May	8_1_May_SF_Bin19	8.13	4.085	4.418	7.542	13.242
8_1_May	8_1_May_SF_Bin5	2.622	2.038	1.965	5.831	7.074
8_1_May	8_1_May_SF_Bin8	5.552	26.758	0.294	1.002	8.714
8_1_May	8_1_May_SF_Bin9	2.836	2.351	3.311	2.742	8.617
8_1_Oct	8_1_Oct_SF_Bin1	9.802	2.741	2.574	6.113	12.66
8_1_Oct	8_1_Oct_SF_Bin100	3.263	4.218	-0.645	0.609	2.954
8_1_Oct	8_1_Oct_SF_Bin101	3.669	2.237	1.678	7.723	11.006
8_1_Oct	8_1_Oct_SF_Bin102	8.318	4.258	4.264	7.933	15.333
8_1_Oct	8_1_Oct_SF_Bin103	4.916	25.164	-0.119	0.546	7.542
8_1_Oct	8_1_Oct_SF_Bin104	9.082	4.949	4.733	7.933	13.351
8_1_Oct	8_1_Oct_SF_Bin105	4.146	13.481	3.67	4.378	12.082
8_1_Oct	8_1_Oct_SF_Bin107	0.204	8.537	1.259	0.225	1.331
8_1_Oct	8_1_Oct_SF_Bin109	2.043	5.68	3.346	4.242	9.048
8_1_Oct	8_1_Oct_SF_Bin11	0.623	-0.019	1.599	3.728	9.707
8_1_Oct	8_1_Oct_SF_Bin111	9.635	5.576	4.847	7.409	14.416
8_1_Oct	8_1_Oct_SF_Bin13	6.834	9.49	0.274	6.98	9.05
8_1_Oct	8_1_Oct_SF_Bin14	1.655	3.271	2.844	6.06	11.116
8_1_Oct	8_1_Oct_SF_Bin17	-1.472	-0.648	1.209	4.428	6.129
8_1_Oct	8_1_Oct_SF_Bin18	7.349	4.948	5.28	7.773	12.919
8_1_Oct	8_1_Oct_SF_Bin19	0.292	2.417	4.836	5.97	13.745
8_1_Oct	8_1_Oct_SF_Bin20	6.261	7.629	0.897	1.784	7.701
8_1_Oct	8_1_Oct_SF_Bin23	0.573	2.23	2.157	4.109	9.822
8_1_Oct	8_1_Oct_SF_Bin24	5.068	5.322	4.444	6.414	13.074
8_1_Oct	8_1_Oct_SF_Bin25	5.13	5.288	3.611	7.087	13.089
8_1_Oct	8_1_Oct_SF_Bin26	5.166	4.619	4.759	6.998	14.818
8_1_Oct	8_1_Oct_SF_Bin28	8.222	2.797	3.809	7.609	14.293
8_1_Oct	8_1_Oct_SF_Bin29	4.334	24.707	0.222	0.842	6.016
8_1_Oct	8_1_Oct_SF_Bin3	10.655	4.068	5.019	6.643	14.588
8_1_Oct	8_1_Oct_SF_Bin32	8.02	9.789	1.274	6.56	10.028
8_1_Oct	8_1_Oct_SF_Bin33	5.321	27.154	0.298	0.549	7.695
8_1_Oct	8_1_Oct_SF_Bin34	7.397	3.252	2.617	7.528	12.038
8_1_Oct	8_1_Oct_SF_Bin35	5.086	27.262	-0.237	1.584	8.57
8_1_Oct	8_1_Oct_SF_Bin36	4.897	28.122	1.657	0.962	8.817
8_1_Oct	8_1_Oct_SF_Bin37	3.072	10.229	1.011	1.802	5.85
8_1_Oct	8_1_Oct_SF_Bin39	2.674	5.569	0.15	0.286	6.548
8_1_Oct	8_1_Oct_SF_Bin4	6.795	6.834	2.963	4.776	9.224
8_1_Oct	8_1_Oct_SF_Bin41	6.737	19.02	-0.48	1.162	3.936
8_1_Oct	8_1_Oct_SF_Bin42	6.646	10.906	0.859	1.402	8.591
8_1_Oct	8_1_Oct_SF_Bin45	2.869	4.743	3.195	2.624	7.462
8_1_Oct	8_1_Oct_SF_Bin47	8.262	5.588	5.47	6.733	14.575
8_1_Oct	8_1_Oct_SF_Bin49	4.784	5.854	3.926	5.693	12.627
8_1_Oct	8_1_Oct_SF_Bin52	5.538	28.224	0.676	0.848	7.428
8_1_Oct	8_1_Oct_SF_Bin53	5.406	26.141	0.757	1.34	7.118
8_1_Oct	8_1_Oct_SF_Bin54	4.757	5.278	3.756	5.767	14.753
8_1_Oct	8_1_Oct_SF_Bin55	4.464	9.835	1.569	1.116	5.945
8_1_Oct	8_1_Oct_SF_Bin56	7.411	4.868	5.048	4.565	14.4
8_1_Oct	8_1_Oct_SF_Bin59	9.291	18.895	4.168	8.273	13.612
8_1_Oct	8_1_Oct_SF_Bin61	3.169	3.778	1.567	7.686	12.784
8_1_Oct	8_1_Oct_SF_Bin62	4.851	22.884	0.087	1.091	7.269
8_1_Oct	8_1_Oct_SF_Bin63	5.53	5.228	4.566	5.781	15.797
8_1_Oct	8_1_Oct_SF_Bin66	1.248	2.697	4.17	9.624	10.704
8_1_Oct	8_1_Oct_SF_Bin67	7.648	8.379	0.931	6.958	10.885
8_1_Oct	8_1_Oct_SF_Bin68	5.667	2.603	4.088	8.9	12.632
8_1_Oct	8_1_Oct_SF_Bin69	3.534	3.798	2.815	7.999	14.006
8_1_Oct	8_1_Oct_SF_Bin71	4.742	19.569	-0.503	0.42	5.996
8_1_Oct	8_1_Oct_SF_Bin72	9.851	5.569	4.14	6.72	13.266
8_1_Oct	8_1_Oct_SF_Bin73	9.012	3.19	4.035	6.724	14.576
8_1_Oct	8_1_Oct_SF_Bin74	5.288	6.075	3.235	5.617	12.361
8_1_Oct	8_1_Oct_SF_Bin77	7.605	3.473	4.988	7.033	13.955
8_1_Oct	8_1_Oct_SF_Bin79	10.604	13.885	2.712	6.019	12.696
8_1_Oct	8_1_Oct_SF_Bin8	5.79	1.779	2.608	4.639	9.658
8_1_Oct	8_1_Oct_SF_Bin80	3.365	20.69	-0.128	0.842	3.808
8_1_Oct	8_1_Oct_SF_Bin81	4.545	27.937	0.325	1.115	7.841
8_1_Oct	8_1_Oct_SF_Bin82	3.898	12.063	0.071	0.842	5.847
8_1_Oct	8_1_Oct_SF_Bin83	1.967	5.025	3.515	4.483	11.011
8_1_Oct	8_1_Oct_SF_Bin84	7.886	28.795	1.229	0.171	8.479
8_1_Oct	8_1_Oct_SF_Bin85	4.999	16.892	-0.581	0.011	5.384
8_1_Oct	8_1_Oct_SF_Bin87	5.391	27.177	1.296	0.403	7.72
8_1_Oct	8_1_Oct_SF_Bin90	0.481	2.261	1.048	3.06	6.3
8_1_Oct	8_1_Oct_SF_Bin91	2.253	2.76	1.929	6.905	9.694
8_1_Oct	8_1_Oct_SF_Bin92	3.442	1.912	3.991	3.763	11.353
8_1_Oct	8_1_Oct_SF_Bin93	7.125	23.694	0.154	1.584	8.39
8_1_Oct	8_1_Oct_SF_Bin95	9.462	3.903	3.293	6.573	13.516
8_1_Oct	8_1_Oct_SF_Bin96	4.373	29.746	0.593	0.011	7.542
8_1_Oct	8_1_Oct_SF_Bin98	10.306	5.101	4.991	7.494	15.607